CountyDistrictSchool|School Year|SPED Percentage
000000000|20092010|0.1487
000000000|20102011|0.1491
000000000|20112012|0.1503
000000000|20122013|0.1466
000000000|20132014|0.1574
010003000|20092010|0.1328
010003000|20102011|0.1530
010003000|20112012|0.1429
010003000|20122013|0.1480
010003000|20132014|0.1719
010018000|20092010|0.1979
010018000|20102011|0.1993
010018000|20112012|0.2182
010018000|20122013|0.2263
010018000|20132014|0.2476
010090000|20092010|0.1518
010090000|20102011|0.1592
010090000|20112012|0.1464
010090000|20122013|0.1446
010090000|20132014|0.1627
010123000|20092010|0.1714
010123000|20102011|0.1992
010123000|20112012|0.1883
010123000|20122013|0.1772
010123000|20132014|0.1827
020009000|20092010|0.1686
020009000|20102011|0.1865
020009000|20112012|0.1718
020009000|20122013|0.1814
020009000|20132014|0.1848
020018000|20092010|0.1845
020018000|20102011|0.1156
020018000|20112012|0.1214
020018000|20122013|0.1223
020018000|20132014|0.1139
022001000|20092010|0.1537
022001000|20102011|0.1505
022001000|20112012|0.1426
022001000|20122013|0.1732
022001000|20132014|0.1840
030500000|20092010|0.1556
030500000|20102011|0.1509
030500000|20112012|0.1143
030500000|20122013|0.1600
030500000|20132014|0.1546
040001000|20092010|0.1017
040001000|20102011|0.1170
040001000|20112012|0.1203
040001000|20122013|0.1214
040001000|20132014|0.1042
050071000|20092010|0.1933
050071000|20102011|0.2281
050071000|20112012|0.2348
050071000|20122013|0.2075
050071000|20132014|0.2100
060001000|20092010|0.1324
060001000|20102011|0.1262
060001000|20112012|0.1320
060001000|20122013|0.1370
060001000|20132014|0.1455
060006000|20092010|0.1069
060006000|20102011|0.1203
060006000|20112012|0.1250
060006000|20122013|0.1667
060006000|20132014|0.1712
060017000|20092010|0.1806
060017000|20102011|0.1533
060017000|20112012|0.1778
060017000|20122013|0.1556
060017000|20132014|0.1560
070006000|20092010|0.1585
070006000|20102011|0.1447
070006000|20112012|0.1364
070006000|20122013|0.1413
070006000|20132014|0.1548
070010000|20092010|0.1688
070010000|20102011|0.1596
070010000|20112012|0.1811
070010000|20122013|0.1244
070010000|20132014|0.1222
080036000|20092010|0.2571
080036000|20102011|0.3000
080036000|20112012|0.2903
080036000|20122013|0.2889
080036000|20132014|0.2500
080050000|20092010|0.1760
080050000|20102011|0.1687
080050000|20112012|0.1423
080050000|20122013|0.1557
080050000|20132014|0.1486
090010000|20092010|0.1213
090010000|20102011|0.1257
090010000|20112012|0.1243
090010000|20122013|0.1285
090010000|20132014|0.1295
100002000|20092010|0.1144
100002000|20102011|0.1159
100002000|20112012|0.1263
100002000|20122013|0.1288
100002000|20132014|0.1259
100007000|20092010|0.1369
100007000|20102011|0.1346
100007000|20112012|0.1356
100007000|20122013|0.1389
100007000|20132014|0.1445
100009000|20092010|0.1254
100009000|20102011|0.1329
100009000|20112012|0.1476
100009000|20122013|0.1599
100009000|20132014|0.1564
100019000|20092010|0.1837
100019000|20102011|0.1787
100019000|20112012|0.1447
100019000|20122013|0.1433
100019000|20132014|0.1378
100069000|20092010|0.2256
100069000|20102011|0.2063
100069000|20112012|0.1974
100069000|20122013|0.1868
100069000|20132014|0.1933
100105000|20092010|0.1121
100105000|20102011|0.0705
100105000|20112012|0.0717
100105000|20122013|0.0690
100105000|20132014|0.0833
100119000|20092010|0.1449
100119000|20102011|0.1511
100119000|20112012|0.1406
100119000|20122013|0.1529
100119000|20132014|0.1442
110001000|20092010|0.1541
110001000|20102011|0.1337
110001000|20112012|0.1317
110001000|20122013|0.1637
110001000|20132014|0.1922
110014000|20092010|0.1572
110014000|20102011|0.1652
110014000|20112012|0.1875
110014000|20122013|0.1904
110014000|20132014|0.2062
110020000|20092010|0.1756
110020000|20102011|0.2038
110020000|20112012|0.1892
110020000|20122013|0.1970
110020000|20132014|0.2406
120032000|20092010|0.1905
120032000|20102011|0.2439
120056000|20092010|0.1641
120056000|20102011|0.1885
120056000|20112012|0.2177
120056000|20122013|0.2111
120056000|20132014|0.2036
120502000|20092010|0.1877
120502000|20102011|0.1685
120502000|20112012|0.1711
120502000|20122013|0.1808
120502000|20132014|0.1806
130001000|20092010|0.1200
130001000|20102011|0.1214
130001000|20112012|0.1274
130001000|20122013|0.1339
130001000|20132014|0.1631
130022000|20092010|0.1516
130022000|20102011|0.1348
130022000|20112012|0.1756
130022000|20122013|0.1831
130022000|20132014|0.1840
130032000|20092010|0.1015
130032000|20102011|0.1040
130032000|20112012|0.1164
130032000|20122013|0.1067
130032000|20132014|0.1515
130056000|20092010|0.1669
130056000|20102011|0.1497
130056000|20112012|0.1246
130056000|20122013|0.1377
130056000|20132014|0.1623
130097000|20092010|0.1634
130097000|20102011|0.1521
130097000|20112012|0.1442
130097000|20122013|0.1250
130097000|20132014|0.1466
140008000|20092010|0.2694
140008000|20102011|0.2724
140008000|20112012|0.2846
140008000|20122013|0.2953
140008000|20132014|0.2955
140045000|20092010|0.0871
140045000|20102011|0.0824
140045000|20112012|0.1161
140045000|20122013|0.1357
140045000|20132014|0.1538
140054000|20092010|0.1076
140054000|20102011|0.0986
140054000|20112012|0.1134
140054000|20122013|0.1171
140054000|20132014|0.1327
140101000|20092010|0.1677
140101000|20102011|0.1962
140101000|20112012|0.1419
140101000|20122013|0.1258
140101000|20132014|0.1948
140541000|20092010|0.1389
140541000|20102011|0.1415
140541000|20112012|0.1429
140541000|20122013|0.1132
140541000|20132014|0.1308
150010000|20092010|0.0982
150010000|20102011|0.0973
150010000|20112012|0.0762
150010000|20122013|0.0627
150010000|20132014|0.0828
150536000|20092010|0.1080
150536000|20102011|0.1395
150536000|20112012|0.1490
150536000|20122013|0.1683
150536000|20132014|0.1675
160006000|20092010|0.1254
160006000|20102011|0.1431
160006000|20112012|0.1433
160006000|20122013|0.1409
160006000|20132014|0.1528
160030000|20092010|0.0855
160030000|20102011|-1.0000
160030000|20112012|0.1143
160030000|20122013|0.1111
160030000|20132014|0.0902
170001000|20092010|0.1501
170001000|20102011|0.1491
170001000|20112012|0.1370
170001000|20122013|0.1074
170001000|20132014|0.1526
170003000|20092010|0.0901
170003000|20102011|0.1084
170003000|20112012|0.1463
170003000|20122013|0.1221
170003000|20132014|0.1296
170009000|20092010|0.1361
170009000|20102011|0.1480
170009000|20112012|0.0914
170009000|20122013|0.1231
170009000|20132014|0.1347
180002000|20092010|0.1035
180002000|20102011|0.1019
180002000|20112012|0.1010
180002000|20122013|0.1073
180002000|20132014|0.1447
180011000|20092010|0.1667
180011000|20102011|0.1715
180011000|20112012|0.1918
180011000|20122013|0.1975
180011000|20132014|0.2736
180070000|20092010|0.2023
190039000|20092010|0.0676
190039000|20102011|-1.0000
190039000|20112012|0.0736
190039000|20122013|-1.0000
190039000|20132014|0.0774
190058000|20092010|0.1351
190058000|20102011|0.1782
190058000|20112012|0.2093
190058000|20122013|0.2198
190058000|20132014|0.2247
190059000|20092010|0.1500
190059000|20102011|0.1667
190070000|20122013|0.1429
190070000|20132014|0.1493
190123000|20092010|0.0841
190123000|20102011|0.0867
190123000|20112012|0.0883
190123000|20122013|0.0837
190123000|20132014|0.1002
192001000|20112012|0.1628
200001000|20092010|0.2071
200001000|20102011|0.2119
200001000|20112012|0.1902
200001000|20122013|0.1852
200001000|20132014|0.1860
200020000|20092010|0.1246
200020000|20102011|0.1020
200020000|20112012|0.0859
200020000|20122013|0.0772
200020000|20132014|0.0847
200030000|20092010|0.1143
200030000|20102011|0.1296
200030000|20112012|0.1563
200030000|20122013|0.1488
200030000|20132014|0.1714
210015000|20092010|0.1618
210015000|20102011|0.1720
210015000|20112012|0.1779
210015000|20122013|0.1645
210015000|20132014|0.1422
210025000|20092010|0.1689
210025000|20102011|0.1692
210025000|20112012|0.1876
210025000|20122013|0.1674
210025000|20132014|0.2032
210044000|20092010|0.1703
210044000|20102011|0.1585
210044000|20112012|0.1813
210044000|20122013|0.1515
210044000|20132014|0.1923
210084000|20092010|0.0588
210084000|20102011|0.0819
210084000|20112012|0.0778
210084000|20122013|0.1061
210084000|20132014|0.1207
210089000|20092010|0.2109
210089000|20102011|0.1951
210089000|20112012|0.1953
210089000|20122013|0.1473
210089000|20132014|0.1441
210180000|20092010|0.1512
210180000|20102011|0.1897
210180000|20112012|0.1869
210180000|20122013|0.2222
210180000|20132014|0.1823
220011000|20092010|0.1330
220011000|20102011|0.1405
220011000|20112012|0.1242
220011000|20122013|0.1258
220011000|20132014|0.1422
220031000|20092010|0.1406
220031000|20102011|0.1467
220031000|20112012|0.1455
220031000|20122013|0.1578
220031000|20132014|0.1727
230002000|20092010|0.1121
230002000|20102011|0.0997
230002000|20112012|0.0853
230002000|20122013|0.0979
230002000|20132014|0.0976
230071000|20092010|0.1883
230071000|20102011|0.2143
230071000|20112012|0.1862
230071000|20122013|0.1803
230071000|20132014|0.1878
240001000|20092010|0.1277
240001000|20102011|0.1180
240001000|20112012|0.1049
240001000|20122013|0.0922
240001000|20132014|0.0985
240004000|20092010|0.1646
240004000|20102011|0.1824
240004000|20112012|0.1589
240004000|20122013|0.1522
240004000|20132014|0.1438
240011000|20092010|0.1595
240011000|20102011|0.1732
240011000|20112012|0.1665
240011000|20122013|0.1360
240011000|20132014|0.1389
240020000|20092010|0.1265
240020000|20102011|0.1241
240020000|20112012|0.1166
240020000|20122013|0.1219
240020000|20132014|0.1457
240101000|20092010|0.2053
240101000|20102011|0.1961
240101000|20112012|0.2263
240101000|20122013|0.2234
240101000|20132014|0.2147
250025000|20092010|0.1349
250025000|20102011|0.1147
250025000|20112012|0.1008
250025000|20122013|0.1012
250025000|20132014|0.1328
250095000|20092010|0.1266
250095000|20102011|0.1105
250095000|20112012|0.1450
250095000|20132014|0.1829
260001000|20092010|0.1425
260001000|20102011|0.1279
260001000|20112012|0.1369
260001000|20122013|0.1351
260001000|20132014|0.1733
260024000|20092010|0.1781
260024000|20102011|0.1644
260024000|20112012|0.2000
260024000|20122013|0.2019
260024000|20132014|0.2286
260070000|20092010|0.1937
260070000|20102011|0.2043
260070000|20112012|0.2087
260070000|20122013|0.1878
260070000|20132014|0.2019
260561000|20092010|0.1329
260561000|20102011|0.1453
260561000|20112012|0.1519
260561000|20122013|0.1507
260561000|20132014|0.1500
270001000|20092010|0.1832
270001000|20102011|0.1960
270001000|20112012|0.1952
270001000|20122013|0.1855
270001000|20132014|0.1978
270046000|20092010|0.1141
270046000|20102011|0.1655
270062000|20092010|0.2028
270062000|20102011|0.2183
270062000|20112012|0.2080
270062000|20122013|0.1841
270062000|20132014|0.1896
270594000|20092010|0.1917
270594000|20102011|0.2106
270594000|20112012|0.2197
270594000|20122013|0.2055
270594000|20132014|0.2122
270595000|20092010|0.1088
270595000|20102011|0.1174
270595000|20112012|0.1159
270595000|20122013|0.1250
270595000|20132014|0.1379
280001000|20092010|0.1555
280001000|20102011|0.1587
280001000|20112012|0.1683
280001000|20122013|0.1637
280001000|20132014|0.1808
280010000|20092010|0.1231
280010000|20102011|0.1233
280010000|20112012|0.1033
280010000|20122013|0.0988
280010000|20132014|0.0925
280015000|20092010|0.1879
280015000|20102011|0.1441
280015000|20112012|0.1927
280015000|20122013|0.1588
280015000|20132014|0.1567
280017000|20092010|0.1355
280017000|20102011|0.1322
280017000|20112012|0.1280
280017000|20122013|0.1320
280017000|20132014|0.1393
280054000|20092010|0.1627
280054000|20102011|0.1577
280054000|20112012|0.1616
280054000|20122013|0.1595
280054000|20132014|0.1735
280059000|20092010|0.0951
280059000|20102011|0.0987
280059000|20112012|0.0880
280059000|20122013|0.1003
280059000|20132014|0.0970
280066000|20092010|0.1233
280066000|20102011|0.1280
280066000|20112012|0.1353
280066000|20122013|0.1496
280066000|20132014|0.1615
290117000|20092010|0.1617
290117000|20102011|0.1636
290117000|20112012|0.1638
290117000|20122013|0.1688
290117000|20132014|0.1567
300001000|20092010|0.1440
300001000|20102011|0.1595
300001000|20112012|0.1512
300001000|20122013|0.1232
300001000|20132014|0.1556
300025000|20092010|0.1953
300025000|20102011|0.2172
300025000|20112012|0.1921
300025000|20122013|0.2202
300025000|20132014|0.2519
300054000|20092010|0.2030
300054000|20102011|0.2016
300054000|20112012|0.1760
300054000|20122013|0.1719
300054000|20132014|0.1639
310506000|20092010|0.1499
310506000|20102011|0.1518
310506000|20112012|0.1412
310506000|20122013|0.1730
310506000|20132014|0.1894
320046000|20092010|0.1259
320046000|20102011|0.1029
320046000|20112012|0.0934
320046000|20122013|0.0760
320046000|20132014|0.1242
320095000|20092010|0.1768
320095000|20102011|0.1932
320095000|20112012|0.1888
320095000|20122013|0.1919
320095000|20132014|0.1888
320125000|20092010|0.2108
320125000|20102011|0.1636
320125000|20112012|0.1667
320125000|20122013|0.1636
320125000|20132014|0.1710
330018000|20092010|0.1782
330018000|20102011|0.1899
330018000|20112012|0.1941
330018000|20122013|0.1835
330018000|20132014|0.1986
330021000|20092010|0.1737
330021000|20102011|0.1557
330021000|20112012|0.1059
330021000|20122013|0.0903
330021000|20132014|0.1560
330540000|20092010|0.1649
330540000|20102011|0.1609
330540000|20112012|0.1520
330540000|20122013|0.1448
330540000|20132014|0.1581
340001000|20092010|0.2146
340001000|20102011|0.2037
340001000|20112012|0.2195
340001000|20122013|0.2308
340001000|20132014|0.2342
340015000|20092010|0.1918
340015000|20102011|0.1872
340015000|20112012|0.2049
340015000|20122013|0.2205
340015000|20132014|0.2452
340034000|20092010|0.1821
340034000|20102011|0.1508
340034000|20112012|0.1552
340034000|20122013|0.1533
340034000|20132014|0.1842
340100000|20092010|0.1723
340100000|20102011|0.1487
340100000|20112012|0.1513
340100000|20122013|0.1350
340100000|20132014|0.1732
350001000|20092010|0.1071
350001000|20102011|0.1066
350001000|20112012|0.0898
350001000|20122013|0.0976
350001000|20132014|0.1157
360100000|20092010|0.1269
360100000|20102011|0.1140
360100000|20112012|0.0987
360100000|20122013|0.1205
360100000|20132014|0.1269
370030000|20092010|0.2038
370030000|20102011|0.1984
370030000|20112012|0.2056
370030000|20122013|0.1653
370030000|20132014|0.1963
380011000|20092010|0.1057
380011000|20102011|0.1212
380011000|20112012|0.1364
380011000|20122013|0.1769
380011000|20132014|0.1895
390010000|20092010|0.1798
390010000|20102011|0.1436
390010000|20112012|0.1436
390010000|20122013|0.1270
390010000|20132014|0.1366
390055000|20092010|0.3333
390055000|20102011|0.3297
390055000|20112012|0.3000
390055000|20122013|0.2364
390055000|20132014|0.2588
390501000|20092010|0.1685
390501000|20102011|0.1361
390501000|20112012|0.1026
390501000|20122013|0.0738
390501000|20132014|0.1143
400002000|20092010|0.1098
400002000|20102011|0.1146
400002000|20112012|0.1154
400002000|20122013|0.1106
400002000|20132014|0.1401
400082000|20092010|0.1192
400082000|20102011|0.1093
400082000|20112012|0.1082
400082000|20122013|0.1172
400082000|20132014|0.1136
400083000|20092010|0.0824
400083000|20102011|0.0679
400083000|20112012|0.0597
400083000|20122013|0.0501
400083000|20132014|0.0833
400126000|20092010|0.1527
400126000|20102011|0.1392
400126000|20112012|0.1399
400126000|20122013|0.1294
400126000|20132014|0.1537
410002000|20092010|0.1503
410002000|20102011|0.1297
410002000|20112012|0.1389
410002000|20132014|0.1467
410091000|20092010|0.1726
410091000|20102011|0.2053
410091000|20112012|0.2120
410091000|20122013|0.2032
410091000|20132014|0.2710
410504000|20092010|0.1437
410504000|20102011|0.1620
410504000|20112012|0.1764
410504000|20122013|0.1673
410504000|20132014|0.1674
420002000|20092010|0.1572
420002000|20102011|0.1776
420002000|20112012|0.1837
420002000|20122013|0.1873
420002000|20132014|0.2079
430079000|20092010|0.1020
430079000|20102011|0.1064
430079000|20112012|0.1399
430079000|20122013|0.1311
430079000|20132014|0.1574
440070000|20092010|0.1495
440070000|20102011|0.1475
440070000|20112012|0.1604
440070000|20122013|0.1486
440070000|20132014|0.1660
450007000|20092010|0.2073
450007000|20102011|0.2056
450007000|20112012|0.1989
450007000|20122013|0.1936
450007000|20132014|0.1978
450029000|20092010|0.1405
450029000|20102011|0.1750
450029000|20112012|0.1500
450029000|20122013|0.1550
450029000|20132014|0.1290
450044000|20092010|0.1235
450044000|20102011|0.1397
450044000|20112012|0.1639
450044000|20122013|0.1283
450044000|20132014|0.1341
450137000|20092010|0.1563
450137000|20102011|0.1319
450137000|20112012|0.1329
450137000|20122013|0.1128
450137000|20132014|0.1250
450239000|20092010|0.1712
450239000|20102011|0.1685
450239000|20112012|0.1589
450239000|20122013|0.1613
450239000|20132014|0.1648
460001000|20092010|0.1031
460001000|20102011|0.1089
460001000|20112012|0.1141
460001000|20122013|0.1287
460001000|20132014|0.0793
470001000|20092010|0.1152
470001000|20102011|0.1297
470001000|20112012|0.1246
470001000|20122013|0.1168
470001000|20132014|0.1260
470100000|20092010|0.1125
470100000|20102011|0.0942
470100000|20112012|0.1007
470100000|20122013|0.0928
470100000|20132014|0.1447
470103000|20092010|0.2033
470103000|20102011|0.1919
470103000|20112012|0.1818
470103000|20122013|0.2329
470103000|20132014|0.2464
480008000|20092010|0.2155
480008000|20102011|0.2237
480008000|20112012|0.2252
480008000|20122013|0.2347
480008000|20132014|0.2678
480300000|20092010|0.2230
480300000|20102011|0.1771
480300000|20112012|0.2051
480300000|20122013|0.1908
480300000|20132014|0.2268
480303000|20092010|0.2921
480303000|20102011|0.2240
480303000|20112012|0.2370
480303000|20122013|0.2516
480303000|20132014|0.2909
490033000|20092010|0.1250
490033000|20102011|0.1244
490033000|20112012|0.1442
490033000|20122013|0.1818
490033000|20132014|0.2266
490050000|20092010|0.1591
490050000|20102011|0.1606
490050000|20112012|0.1622
490050000|20122013|0.1773
490050000|20132014|0.2559
500001000|20092010|0.2681
500001000|20102011|0.2476
500001000|20112012|0.2381
500001000|20122013|0.2367
500001000|20132014|0.2488
500501000|20092010|0.1728
500501000|20102011|0.1596
500501000|20112012|0.1690
500501000|20122013|0.2071
500501000|20132014|0.2189
500503000|20092010|0.2054
500503000|20102011|0.1955
500503000|20112012|0.1842
500503000|20122013|0.1701
500503000|20132014|0.1709
510001000|20092010|0.1250
510001000|20102011|0.1373
510001000|20112012|0.1357
510001000|20122013|0.1446
510001000|20132014|0.1684
510006000|20092010|0.1299
510006000|20102011|0.1274
510006000|20112012|0.1255
510006000|20122013|0.0987
510006000|20132014|0.0938
520100000|20092010|-1.0000
520100000|20102011|-1.0000
520100000|20112012|-1.0000
520100000|20122013|0.1064
520100000|20132014|-1.0000
530001000|20092010|0.0901
530001000|20102011|0.0904
530001000|20112012|0.1089
530001000|20122013|0.1186
530001000|20132014|0.1377
540013000|20092010|0.1221
540013000|20102011|0.1215
540013000|20112012|0.1349
540013000|20122013|0.1023
540013000|20132014|0.1176
540096000|20092010|0.1083
540096000|20102011|0.1069
540096000|20112012|0.1105
540096000|20122013|0.1400
540096000|20132014|0.1524
540501000|20092010|0.3379
540501000|20102011|0.2484
540501000|20112012|0.2439
540501000|20122013|0.2181
540501000|20132014|0.2973
540505000|20092010|0.2402
540505000|20102011|0.2286
540505000|20112012|0.2651
540505000|20122013|0.2781
540505000|20132014|0.3472
540576000|20092010|0.1388
540576000|20102011|0.1287
540576000|20112012|0.1005
540576000|20122013|0.1290
540576000|20132014|0.1106
540586000|20092010|0.1446
540586000|20102011|0.1306
540586000|20112012|0.1255
540586000|20122013|0.1025
540586000|20132014|0.1176
550001000|20092010|0.1515
550001000|20102011|0.1472
550001000|20112012|0.1413
550001000|20122013|0.1406
550001000|20132014|0.1511
550145000|20092010|0.1299
550145000|20102011|0.1150
550145000|20112012|0.1184
550145000|20122013|0.1154
550145000|20132014|0.1016
550148000|20092010|0.0915
550148000|20102011|0.0950
550148000|20112012|0.0898
550148000|20122013|0.0793
550148000|20132014|0.0636
550160000|20092010|0.0988
550160000|20102011|0.0939
550160000|20112012|0.0871
550160000|20122013|0.0781
550160000|20132014|0.0795
550161000|20092010|0.1227
550161000|20102011|0.1258
550161000|20112012|0.1191
550161000|20122013|0.1361
550161000|20132014|0.1504
560001000|20092010|0.1679
560001000|20102011|0.1472
560001000|20112012|0.1486
560001000|20122013|0.1559
560001000|20132014|0.1704
560006000|20092010|0.1311
560006000|20102011|0.1561
560006000|20112012|0.1466
560006000|20122013|0.1393
560006000|20132014|0.1485
560007000|20092010|0.1672
560007000|20102011|0.1455
560007000|20112012|0.1374
560007000|20122013|0.1483
560007000|20132014|0.1762
560037000|20092010|0.1209
560037000|20102011|0.1156
560037000|20112012|0.1105
560037000|20122013|0.1232
560037000|20132014|0.1352
560055000|20092010|0.1676
560055000|20102011|0.1588
560055000|20112012|0.1671
560055000|20122013|0.1671
560055000|20132014|0.1860
560565000|20092010|0.0635
560565000|20102011|0.0591
560565000|20112012|0.0798
560565000|20122013|0.0800
560565000|20132014|0.0914
570501000|20092010|0.1818
570501000|20102011|0.1566
570501000|20112012|0.1675
570501000|20122013|0.1667
570501000|20132014|0.2000
580025000|20092010|0.2404
580025000|20102011|0.2247
580025000|20112012|0.2473
580025000|20122013|0.2386
580025000|20132014|0.2632
590001000|20092010|0.2008
590001000|20102011|0.1673
590001000|20112012|0.1785
590001000|20122013|0.1547
590001000|20132014|0.1680
590002000|20092010|0.1570
590002000|20102011|0.1602
590002000|20112012|0.1494
590002000|20122013|0.1591
590002000|20132014|0.1657
590005000|20092010|0.1498
590005000|20102011|0.1512
590005000|20112012|0.1396
590005000|20122013|0.1274
590005000|20132014|0.1512
590013000|20092010|0.1707
590013000|20102011|0.1606
590013000|20112012|0.1343
590013000|20122013|0.1579
590013000|20132014|0.1831
590080000|20092010|0.1871
590080000|20102011|0.1463
590080000|20112012|0.1541
590080000|20122013|0.1774
590080000|20132014|0.2068
600090000|20092010|0.1687
600090000|20102011|0.1842
600090000|20112012|0.1402
600090000|20122013|0.2121
600090000|20132014|0.2151
610004000|20092010|0.1528
610004000|20102011|0.1696
610004000|20112012|0.1833
610004000|20122013|0.1877
610004000|20132014|0.1933
610049000|20092010|0.0909
610049000|20102011|0.1077
610049000|20112012|0.0846
610049000|20122013|0.1059
610049000|20132014|0.1270
620021000|20092010|0.0920
620021000|20102011|0.0839
620021000|20112012|0.1030
620021000|20122013|0.1005
620021000|20132014|0.1192
620063000|20092010|0.1287
620063000|20102011|0.1265
620063000|20112012|0.1196
620063000|20122013|0.1245
620063000|20132014|0.1468
630001000|20092010|0.1307
630001000|20102011|0.1169
630001000|20112012|0.1266
630001000|20122013|0.1429
630001000|20132014|0.1362
630030000|20092010|0.1150
630030000|20102011|0.1252
630030000|20112012|0.1368
630030000|20122013|0.1455
630030000|20132014|0.1674
640023000|20092010|0.1362
640023000|20102011|0.1519
640023000|20112012|0.1321
640023000|20122013|0.1590
640023000|20132014|0.1596
640029000|20092010|0.1587
640029000|20102011|0.1598
640029000|20112012|0.1674
640029000|20122013|0.1761
640029000|20132014|0.1684
650011000|20092010|0.1812
650011000|20102011|0.1834
650011000|20112012|0.1824
650011000|20122013|0.2326
650011000|20132014|0.2781
652005000|20092010|0.1920
652005000|20102011|0.2123
652005000|20112012|0.2031
652005000|20122013|0.1846
652005000|20132014|0.2157
660027000|20092010|0.1240
660027000|20102011|0.1134
660027000|20112012|0.1170
660027000|20122013|0.1189
660027000|20132014|0.1212
660111000|20092010|0.1833
660111000|20102011|0.1602
660111000|20112012|0.1762
660111000|20122013|0.1938
660111000|20132014|0.2128
660501000|20092010|0.1686
660501000|20102011|0.1762
660501000|20112012|0.1697
660501000|20122013|0.1724
660501000|20132014|0.1564
670001000|20092010|0.1565
670001000|20102011|0.1336
670001000|20112012|0.1399
670001000|20122013|0.1833
670001000|20132014|0.1962
670069000|20092010|0.1378
670069000|20102011|0.1643
670069000|20112012|0.2105
670069000|20122013|0.1838
670069000|20132014|0.3481
680020000|20092010|0.1705
680020000|20102011|0.1448
680020000|20112012|0.1173
680020000|20122013|0.1139
680020000|20132014|0.1223
690044000|20092010|0.1825
690044000|20102011|0.1805
690044000|20112012|0.1683
690044000|20122013|0.1680
690044000|20132014|0.1774
690054000|20092010|0.1641
690054000|20102011|0.1351
690054000|20112012|0.1429
690054000|20122013|0.1617
690054000|20132014|0.1905
690055000|20092010|0.1463
690055000|20102011|0.2010
690055000|20112012|0.1508
690055000|20122013|0.1590
690055000|20132014|0.1639
700002000|20092010|0.1681
700002000|20102011|0.1720
700002000|20112012|0.1691
700002000|20122013|0.1767
700002000|20132014|0.2146
700005000|20092010|0.1717
700005000|20102011|0.1598
700005000|20112012|0.1633
700005000|20122013|0.1893
700005000|20132014|0.2161
700542000|20092010|0.1358
700542000|20102011|0.1311
700542000|20112012|0.1422
700542000|20122013|0.1553
700542000|20132014|0.1366
710001000|20092010|0.1715
710001000|20102011|0.1642
710001000|20112012|0.1610
710001000|20122013|0.1799
710001000|20132014|0.1772
710005000|20092010|0.1359
710005000|20102011|0.1417
710005000|20112012|0.1306
710005000|20122013|0.1261
710005000|20132014|0.1419
710067000|20092010|0.1467
710067000|20102011|0.1200
710067000|20112012|0.1700
710067000|20122013|0.1850
710067000|20132014|0.2049
720015000|20092010|0.1459
720015000|20102011|0.1565
720015000|20112012|0.1425
720015000|20122013|0.1707
720015000|20132014|0.1831
720019000|20092010|0.1741
720019000|20102011|0.1756
720019000|20112012|0.2058
720019000|20122013|0.1959
720019000|20132014|0.2033
720032000|20092010|0.1287
720032000|20102011|0.1318
720032000|20112012|0.1439
720032000|20122013|0.1340
720032000|20132014|0.1617
720075000|20092010|0.1216
720075000|20102011|0.1164
720075000|20112012|0.1053
720075000|20122013|0.1652
720075000|20132014|0.1878
730017000|20092010|0.1775
730017000|20102011|0.1744
730017000|20112012|0.1589
730017000|20122013|0.1500
730017000|20132014|0.1711
730179000|20092010|0.1906
730179000|20102011|0.1641
730179000|20112012|0.1579
730179000|20122013|0.1508
730179000|20132014|0.1590
740056000|20092010|0.1793
740056000|20102011|0.1908
740056000|20112012|0.2113
740056000|20122013|0.2000
740056000|20132014|0.2345
740070000|20092010|0.1916
740070000|20102011|0.1520
740070000|20112012|0.1710
740070000|20122013|0.1683
740070000|20132014|0.2080
750100000|20092010|0.1340
750100000|20102011|0.1300
750100000|20112012|0.1584
750100000|20122013|0.1451
750100000|20132014|0.1546
760002000|20092010|0.1117
760002000|20102011|0.1045
760002000|20112012|0.1263
760002000|20122013|0.1374
760002000|20132014|0.1776
760044000|20092010|0.1388
760044000|20102011|0.0909
760044000|20112012|0.1397
760044000|20122013|0.1462
760044000|20132014|0.1437
760068000|20092010|0.1815
760068000|20102011|0.1650
760068000|20112012|0.1611
760068000|20122013|0.1625
760068000|20132014|0.2167
760082000|20092010|0.1268
760082000|20102011|0.1268
760082000|20112012|0.1352
760082000|20122013|0.1204
760082000|20132014|0.1234
770001000|20092010|0.1376
770001000|20102011|0.1442
770001000|20112012|0.1398
770001000|20122013|0.1647
770001000|20132014|0.1796
770027000|20092010|0.1165
770027000|20102011|0.1140
770027000|20112012|0.1159
770027000|20122013|0.1195
770027000|20132014|0.1247
770037000|20092010|0.1212
770037000|20102011|0.1189
770037000|20112012|0.1165
770037000|20122013|0.1191
770037000|20132014|0.1228
770046000|20092010|0.1679
770046000|20102011|0.1635
770046000|20112012|0.1444
770046000|20122013|0.1528
770046000|20132014|0.1485
780001000|20092010|0.1100
780001000|20102011|0.1171
780001000|20112012|0.1363
780001000|20122013|0.1452
780001000|20132014|0.1717
780009000|20092010|0.1878
780009000|20102011|0.1587
780009000|20112012|0.1706
780009000|20122013|0.1768
780009000|20132014|0.1804
780039000|20092010|0.1727
780039000|20102011|0.1834
780039000|20112012|0.1760
780039000|20122013|0.2124
780039000|20132014|0.2272
780072000|20092010|0.1111
780072000|20102011|0.1395
780072000|20112012|0.1513
780072000|20122013|0.1469
780072000|20132014|0.1532
780104000|20092010|0.1712
780107000|20092010|0.0852
780107000|20102011|0.1092
780107000|20112012|0.0946
780107000|20122013|0.0926
780107000|20132014|0.1029
790002000|20092010|0.1667
790002000|20102011|0.1392
790002000|20112012|0.0875
790002000|20122013|0.1513
790002000|20132014|0.1797
790011000|20092010|0.1395
790011000|20102011|0.1171
790011000|20112012|0.1209
790011000|20122013|0.1367
790011000|20132014|0.1681
790016000|20092010|0.1085
790016000|20102011|0.0984
790016000|20112012|0.1018
790016000|20122013|0.1032
790016000|20132014|0.1157
790031000|20092010|0.0960
790031000|20102011|0.0905
790031000|20112012|0.0892
790031000|20122013|0.0972
790031000|20132014|0.0972
790032000|20092010|0.1106
790032000|20102011|0.1077
790032000|20112012|0.0976
790032000|20122013|0.1136
790032000|20132014|0.1152
800005000|20092010|0.0803
800005000|20102011|0.0721
800005000|20112012|0.0904
800005000|20122013|0.0840
800005000|20132014|0.0972
800009000|20092010|0.1490
800009000|20102011|0.1430
800009000|20112012|0.1494
800009000|20122013|0.1653
800009000|20132014|0.1686
800567000|20092010|0.1488
800567000|20102011|0.1435
800567000|20112012|0.1713
800567000|20122013|0.1685
800567000|20132014|0.2104
810003000|20092010|0.1534
810003000|20102011|0.1844
810003000|20112012|0.1223
810003000|20122013|0.1053
810003000|20132014|0.0839
810010000|20092010|0.1453
810010000|20102011|0.1491
810010000|20112012|0.1601
810010000|20122013|0.1403
810010000|20132014|0.1862
820001000|20092010|0.1437
820001000|20102011|0.1279
820001000|20112012|0.1339
820001000|20122013|0.1425
820001000|20132014|0.1922
820015000|20092010|0.1646
820015000|20102011|0.1620
820015000|20112012|0.1057
820015000|20122013|0.1043
820015000|20132014|0.1100
830500000|20092010|-1.0000
830500000|20102011|-1.0000
830500000|20112012|-1.0000
830500000|20122013|-1.0000
830500000|20132014|-1.0000
840003000|20092010|0.1688
840003000|20102011|0.1588
840003000|20112012|0.1741
840003000|20122013|0.1491
840003000|20132014|0.1467
850060000|20092010|0.1709
850060000|20102011|0.1602
850060000|20112012|0.1637
850060000|20122013|0.1667
850060000|20132014|0.1991
850070000|20092010|0.1927
850070000|20102011|0.1923
850070000|20112012|0.1835
850070000|20122013|0.2180
850070000|20132014|0.2108
852001000|20092010|0.2037
852001000|20102011|0.1506
852001000|20112012|0.1706
852001000|20122013|0.1646
852001000|20132014|0.1497
860001000|20092010|0.1546
860001000|20102011|0.1429
860001000|20112012|0.1171
860001000|20122013|0.1176
860001000|20132014|0.1190
870001000|20092010|0.1590
870001000|20102011|0.1433
870001000|20112012|0.1558
870001000|20122013|0.1617
870001000|20132014|0.1631
870013000|20092010|0.2405
870013000|20102011|0.2508
870013000|20112012|0.2848
870013000|20122013|0.2638
870013000|20132014|0.2823
870016000|20092010|0.2139
870016000|20102011|0.2212
870016000|20112012|0.1660
870016000|20122013|0.1409
870016000|20132014|0.2234
870017000|20092010|0.2286
870017000|20102011|0.2388
870017000|20112012|0.2018
870017000|20122013|0.2419
870017000|20132014|0.2600
880005000|20092010|0.1238
880005000|20102011|0.1109
880005000|20112012|0.1091
880005000|20122013|0.1220
880005000|20132014|0.1342
880021000|20092010|0.1898
880021000|20102011|0.1353
880021000|20112012|0.1339
880021000|20122013|0.1638
880021000|20132014|0.1475
890001000|20092010|0.1290
890001000|20102011|0.1427
890001000|20112012|0.1385
890001000|20122013|0.1445
890001000|20132014|0.1396
890003000|20092010|0.1587
890003000|20102011|0.1553
890003000|20112012|0.1525
890003000|20122013|0.1498
890003000|20132014|0.1672
890024000|20092010|0.1083
890024000|20102011|0.1156
890024000|20112012|0.1002
890024000|20122013|0.1031
890024000|20132014|0.1167
900017000|20092010|0.1187
900017000|20102011|0.1074
900017000|20112012|0.1129
900017000|20122013|0.1087
900017000|20132014|0.1211
900560000|20092010|0.1459
900560000|20102011|0.1204
900560000|20112012|0.1151
900560000|20122013|0.1182
900560000|20132014|0.1308
900595000|20092010|0.1265
900595000|20102011|0.1261
900595000|20112012|0.1415
900595000|20122013|0.1239
900595000|20132014|0.1378
910002000|20092010|0.1934
910002000|20102011|0.1835
910002000|20112012|0.1612
910002000|20122013|0.1767
910002000|20132014|0.2294
910074000|20092010|0.1446
910074000|20102011|0.1575
910074000|20112012|0.1401
910074000|20122013|0.1637
910074000|20132014|0.1689
920045000|20092010|0.1121
920045000|20102011|0.1171
920045000|20112012|0.0962
920045000|20122013|-1.0000
920045000|20132014|-1.0000
930012000|20092010|0.1953
930012000|20102011|0.1995
930012000|20112012|0.1803
930012000|20122013|0.1663
930012000|20132014|0.1787
930083000|20092010|0.2640
930083000|20102011|0.1016
930083000|20112012|0.1786
930083000|20122013|0.1439
930083000|20132014|0.1811
930096000|20092010|0.2508
930096000|20102011|0.2394
930096000|20112012|0.2301
930096000|20122013|0.2038
930096000|20132014|0.2594
