010003000|20082009|-1.0000|01000300020082009
010003000|20092010|-1.0000|01000300020092010
010003000|20102011|-1.0000|01000300020102011
010003000|20112012|-1.0000|01000300020112012
010003000|20122013|-1.0000|01000300020122013
010003000|20132014|-1.0000|01000300020132014
010018000|20082009|0.0149|01001800020082009
010018000|20092010|0.0114|01001800020092010
010018000|20102011|0.0105|01001800020102011
010018000|20112012|0.0142|01001800020112012
010018000|20122013|0.0098|01001800020122013
010018000|20132014|0.0150|01001800020132014
010090000|20082009|-1.0000|01009000020082009
010090000|20092010|-1.0000|01009000020092010
010090000|20102011|-1.0000|01009000020102011
010090000|20112012|-1.0000|01009000020112012
010090000|20122013|-1.0000|01009000020122013
010090000|20132014|-1.0000|01009000020132014
010123000|20082009|-1.0000|01012300020082009
010123000|20092010|-1.0000|01012300020092010
010123000|20102011|-1.0000|01012300020102011
010123000|20112012|-1.0000|01012300020112012
010123000|20122013|-1.0000|01012300020122013
010123000|20132014|-1.0000|01012300020132014
020009000|20082009|-1.0000|02000900020082009
020009000|20092010|-1.0000|02000900020092010
020009000|20102011|-1.0000|02000900020102011
020009000|20112012|-1.0000|02000900020112012
020009000|20122013|-1.0000|02000900020122013
020009000|20132014|-1.0000|02000900020132014
020018000|20082009|-1.0000|02001800020082009
020018000|20092010|-1.0000|02001800020092010
020018000|20102011|-1.0000|02001800020102011
020018000|20112012|-1.0000|02001800020112012
020018000|20122013|-1.0000|02001800020122013
020018000|20132014|-1.0000|02001800020132014
022001000|20082009|-1.0000|02200100020082009
022001000|20092010|-1.0000|02200100020092010
022001000|20102011|-1.0000|02200100020102011
022001000|20112012|-1.0000|02200100020112012
022001000|20122013|-1.0000|02200100020122013
022001000|20132014|-1.0000|02200100020132014
030500000|20082009|-1.0000|03050000020082009
030500000|20092010|-1.0000|03050000020092010
030500000|20102011|-1.0000|03050000020102011
030500000|20112012|-1.0000|03050000020112012
030500000|20122013|-1.0000|03050000020122013
030500000|20132014|-1.0000|03050000020132014
040001000|20082009|-1.0000|04000100020082009
040001000|20092010|-1.0000|04000100020092010
040001000|20102011|-1.0000|04000100020102011
040001000|20112012|-1.0000|04000100020112012
040001000|20122013|-1.0000|04000100020122013
040001000|20132014|-1.0000|04000100020132014
050071000|20082009|-1.0000|05007100020082009
050071000|20092010|-1.0000|05007100020092010
050071000|20102011|-1.0000|05007100020102011
050071000|20112012|-1.0000|05007100020112012
050071000|20122013|-1.0000|05007100020122013
050071000|20132014|-1.0000|05007100020132014
060001000|20082009|-1.0000|06000100020082009
060001000|20092010|-1.0000|06000100020092010
060001000|20102011|-1.0000|06000100020102011
060001000|20112012|-1.0000|06000100020112012
060001000|20122013|-1.0000|06000100020122013
060001000|20132014|-1.0000|06000100020132014
060006000|20082009|-1.0000|06000600020082009
060006000|20092010|-1.0000|06000600020092010
060006000|20102011|-1.0000|06000600020102011
060006000|20112012|-1.0000|06000600020112012
060006000|20122013|-1.0000|06000600020122013
060006000|20132014|-1.0000|06000600020132014
060017000|20082009|-1.0000|06001700020082009
060017000|20092010|-1.0000|06001700020092010
060017000|20102011|-1.0000|06001700020102011
060017000|20112012|-1.0000|06001700020112012
060017000|20122013|-1.0000|06001700020122013
060017000|20132014|-1.0000|06001700020132014
070006000|20082009|-1.0000|07000600020082009
070006000|20092010|-1.0000|07000600020092010
070006000|20102011|0.0153|07000600020102011
070006000|20112012|0.0137|07000600020112012
070006000|20122013|0.0188|07000600020122013
070006000|20132014|0.0249|07000600020132014
070010000|20082009|-1.0000|07001000020082009
070010000|20092010|-1.0000|07001000020092010
070010000|20102011|-1.0000|07001000020102011
070010000|20112012|-1.0000|07001000020112012
070010000|20122013|-1.0000|07001000020122013
070010000|20132014|-1.0000|07001000020132014
080036000|20082009|-1.0000|08003600020082009
080036000|20092010|-1.0000|08003600020092010
080036000|20102011|-1.0000|08003600020102011
080036000|20112012|-1.0000|08003600020112012
080036000|20122013|-1.0000|08003600020122013
080036000|20132014|-1.0000|08003600020132014
080050000|20082009|-1.0000|08005000020082009
080050000|20092010|-1.0000|08005000020092010
080050000|20102011|-1.0000|08005000020102011
080050000|20112012|-1.0000|08005000020112012
080050000|20122013|-1.0000|08005000020122013
080050000|20132014|-1.0000|08005000020132014
090010000|20082009|-1.0000|09001000020082009
090010000|20092010|-1.0000|09001000020092010
090010000|20102011|-1.0000|09001000020102011
090010000|20112012|-1.0000|09001000020112012
090010000|20122013|-1.0000|09001000020122013
090010000|20132014|-1.0000|09001000020132014
100002000|20082009|-1.0000|10000200020082009
100002000|20092010|-1.0000|10000200020092010
100002000|20102011|-1.0000|10000200020102011
100002000|20112012|-1.0000|10000200020112012
100002000|20122013|-1.0000|10000200020122013
100002000|20132014|-1.0000|10000200020132014
100007000|20082009|0.0173|10000700020082009
100007000|20092010|0.0173|10000700020092010
100007000|20102011|0.0176|10000700020102011
100007000|20112012|0.0172|10000700020112012
100007000|20122013|0.0089|10000700020122013
100007000|20132014|0.0071|10000700020132014
100009000|20082009|-1.0000|10000900020082009
100009000|20092010|-1.0000|10000900020092010
100009000|20102011|-1.0000|10000900020102011
100009000|20112012|-1.0000|10000900020112012
100009000|20122013|-1.0000|10000900020122013
100009000|20132014|-1.0000|10000900020132014
100019000|20082009|-1.0000|10001900020082009
100019000|20092010|-1.0000|10001900020092010
100019000|20102011|-1.0000|10001900020102011
100019000|20112012|-1.0000|10001900020112012
100019000|20122013|-1.0000|10001900020122013
100019000|20132014|-1.0000|10001900020132014
100069000|20082009|-1.0000|10006900020082009
100069000|20092010|-1.0000|10006900020092010
100069000|20102011|-1.0000|10006900020102011
100069000|20112012|-1.0000|10006900020112012
100069000|20122013|-1.0000|10006900020122013
100069000|20132014|-1.0000|10006900020132014
100105000|20082009|-1.0000|10010500020082009
100105000|20092010|-1.0000|10010500020092010
100105000|20102011|-1.0000|10010500020102011
100105000|20112012|-1.0000|10010500020112012
100105000|20122013|-1.0000|10010500020122013
100105000|20132014|-1.0000|10010500020132014
100119000|20082009|-1.0000|10011900020082009
100119000|20092010|-1.0000|10011900020092010
100119000|20102011|-1.0000|10011900020102011
100119000|20112012|-1.0000|10011900020112012
100119000|20122013|-1.0000|10011900020122013
100119000|20132014|-1.0000|10011900020132014
110001000|20082009|-1.0000|11000100020082009
110001000|20092010|-1.0000|11000100020092010
110001000|20102011|-1.0000|11000100020102011
110001000|20112012|-1.0000|11000100020112012
110001000|20122013|-1.0000|11000100020122013
110001000|20132014|-1.0000|11000100020132014
110014000|20082009|-1.0000|11001400020082009
110014000|20092010|-1.0000|11001400020092010
110014000|20102011|-1.0000|11001400020102011
110014000|20112012|-1.0000|11001400020112012
110014000|20122013|-1.0000|11001400020122013
110014000|20132014|-1.0000|11001400020132014
110020000|20082009|-1.0000|11002000020082009
110020000|20092010|-1.0000|11002000020092010
110020000|20102011|-1.0000|11002000020102011
110020000|20112012|-1.0000|11002000020112012
110020000|20122013|-1.0000|11002000020122013
110020000|20132014|-1.0000|11002000020132014
120032000|20082009|-1.0000|12003200020082009
120032000|20092010|-1.0000|12003200020092010
120032000|20102011|-1.0000|12003200020102011
120056000|20082009|-1.0000|12005600020082009
120056000|20092010|-1.0000|12005600020092010
120056000|20102011|-1.0000|12005600020102011
120056000|20112012|-1.0000|12005600020112012
120056000|20122013|-1.0000|12005600020122013
120056000|20132014|-1.0000|12005600020132014
120502000|20082009|-1.0000|12050200020082009
120502000|20092010|-1.0000|12050200020092010
120502000|20102011|-1.0000|12050200020102011
120502000|20112012|-1.0000|12050200020112012
120502000|20122013|-1.0000|12050200020122013
120502000|20132014|-1.0000|12050200020132014
130001000|20082009|-1.0000|13000100020082009
130001000|20092010|0.0124|13000100020092010
130001000|20102011|-1.0000|13000100020102011
130001000|20112012|-1.0000|13000100020112012
130001000|20122013|-1.0000|13000100020122013
130001000|20132014|-1.0000|13000100020132014
130022000|20082009|-1.0000|13002200020082009
130022000|20092010|-1.0000|13002200020092010
130022000|20102011|-1.0000|13002200020102011
130022000|20112012|-1.0000|13002200020112012
130022000|20122013|-1.0000|13002200020122013
130022000|20132014|-1.0000|13002200020132014
130032000|20082009|-1.0000|13003200020082009
130032000|20092010|-1.0000|13003200020092010
130032000|20102011|-1.0000|13003200020102011
130032000|20112012|-1.0000|13003200020112012
130032000|20122013|-1.0000|13003200020122013
130032000|20132014|-1.0000|13003200020132014
130056000|20082009|-1.0000|13005600020082009
130056000|20092010|-1.0000|13005600020092010
130056000|20102011|-1.0000|13005600020102011
130056000|20112012|-1.0000|13005600020112012
130056000|20122013|-1.0000|13005600020122013
130056000|20132014|-1.0000|13005600020132014
130097000|20082009|-1.0000|13009700020082009
130097000|20092010|-1.0000|13009700020092010
130097000|20102011|-1.0000|13009700020102011
130097000|20112012|-1.0000|13009700020112012
130097000|20122013|-1.0000|13009700020122013
130097000|20132014|-1.0000|13009700020132014
140008000|20082009|-1.0000|14000800020082009
140008000|20092010|-1.0000|14000800020092010
140008000|20102011|-1.0000|14000800020102011
140008000|20112012|-1.0000|14000800020112012
140008000|20122013|-1.0000|14000800020122013
140008000|20132014|-1.0000|14000800020132014
140045000|20082009|-1.0000|14004500020082009
140045000|20092010|-1.0000|14004500020092010
140045000|20102011|-1.0000|14004500020102011
140045000|20112012|-1.0000|14004500020112012
140045000|20122013|-1.0000|14004500020122013
140045000|20132014|-1.0000|14004500020132014
140054000|20082009|-1.0000|14005400020082009
140054000|20092010|-1.0000|14005400020092010
140054000|20102011|-1.0000|14005400020102011
140054000|20112012|-1.0000|14005400020112012
140054000|20122013|-1.0000|14005400020122013
140054000|20132014|-1.0000|14005400020132014
140101000|20082009|-1.0000|14010100020082009
140101000|20092010|-1.0000|14010100020092010
140101000|20102011|-1.0000|14010100020102011
140101000|20112012|-1.0000|14010100020112012
140101000|20122013|-1.0000|14010100020122013
140101000|20132014|-1.0000|14010100020132014
140541000|20082009|-1.0000|14054100020082009
140541000|20092010|-1.0000|14054100020092010
140541000|20102011|-1.0000|14054100020102011
140541000|20112012|-1.0000|14054100020112012
140541000|20122013|-1.0000|14054100020122013
140541000|20132014|-1.0000|14054100020132014
150010000|20082009|-1.0000|15001000020082009
150010000|20092010|-1.0000|15001000020092010
150010000|20102011|-1.0000|15001000020102011
150010000|20112012|-1.0000|15001000020112012
150010000|20122013|-1.0000|15001000020122013
150010000|20132014|-1.0000|15001000020132014
150536000|20082009|-1.0000|15053600020082009
150536000|20092010|-1.0000|15053600020092010
150536000|20102011|-1.0000|15053600020102011
150536000|20112012|-1.0000|15053600020112012
150536000|20122013|-1.0000|15053600020122013
150536000|20132014|-1.0000|15053600020132014
160006000|20082009|-1.0000|16000600020082009
160006000|20092010|-1.0000|16000600020092010
160006000|20102011|-1.0000|16000600020102011
160006000|20112012|-1.0000|16000600020112012
160006000|20122013|-1.0000|16000600020122013
160006000|20132014|-1.0000|16000600020132014
160030000|20082009|-1.0000|16003000020082009
160030000|20092010|-1.0000|16003000020092010
160030000|20102011|-1.0000|16003000020102011
160030000|20112012|-1.0000|16003000020112012
160030000|20122013|-1.0000|16003000020122013
160030000|20132014|-1.0000|16003000020132014
170001000|20082009|-1.0000|17000100020082009
170001000|20092010|-1.0000|17000100020092010
170001000|20102011|-1.0000|17000100020102011
170001000|20112012|-1.0000|17000100020112012
170001000|20122013|-1.0000|17000100020122013
170001000|20132014|-1.0000|17000100020132014
170003000|20082009|-1.0000|17000300020082009
170003000|20092010|-1.0000|17000300020092010
170003000|20102011|-1.0000|17000300020102011
170003000|20112012|-1.0000|17000300020112012
170003000|20122013|-1.0000|17000300020122013
170003000|20132014|-1.0000|17000300020132014
170009000|20082009|-1.0000|17000900020082009
170009000|20092010|-1.0000|17000900020092010
170009000|20102011|-1.0000|17000900020102011
170009000|20112012|-1.0000|17000900020112012
170009000|20122013|-1.0000|17000900020122013
170009000|20132014|-1.0000|17000900020132014
180002000|20082009|-1.0000|18000200020082009
180002000|20092010|-1.0000|18000200020092010
180002000|20102011|-1.0000|18000200020102011
180002000|20112012|-1.0000|18000200020112012
180002000|20122013|-1.0000|18000200020122013
180002000|20132014|-1.0000|18000200020132014
180011000|20082009|-1.0000|18001100020082009
180011000|20092010|-1.0000|18001100020092010
180011000|20102011|-1.0000|18001100020102011
180011000|20112012|-1.0000|18001100020112012
180011000|20122013|-1.0000|18001100020122013
180011000|20132014|-1.0000|18001100020132014
180070000|20082009|-1.0000|18007000020082009
180070000|20092010|-1.0000|18007000020092010
190039000|20082009|-1.0000|19003900020082009
190039000|20092010|-1.0000|19003900020092010
190039000|20102011|-1.0000|19003900020102011
190039000|20112012|-1.0000|19003900020112012
190039000|20122013|-1.0000|19003900020122013
190039000|20132014|-1.0000|19003900020132014
190058000|20082009|-1.0000|19005800020082009
190058000|20092010|-1.0000|19005800020092010
190058000|20102011|-1.0000|19005800020102011
190058000|20112012|-1.0000|19005800020112012
190058000|20122013|-1.0000|19005800020122013
190058000|20132014|-1.0000|19005800020132014
190059000|20082009|-1.0000|19005900020082009
190059000|20092010|-1.0000|19005900020092010
190059000|20102011|-1.0000|19005900020102011
190070000|20122013|-1.0000|19007000020122013
190070000|20132014|-1.0000|19007000020132014
190123000|20082009|0.0149|19012300020082009
190123000|20092010|-1.0000|19012300020092010
190123000|20102011|-1.0000|19012300020102011
190123000|20112012|-1.0000|19012300020112012
190123000|20122013|0.0225|19012300020122013
190123000|20132014|0.0244|19012300020132014
192001000|20112012|-1.0000|19200100020112012
200001000|20082009|-1.0000|20000100020082009
200001000|20092010|-1.0000|20000100020092010
200001000|20102011|-1.0000|20000100020102011
200001000|20112012|-1.0000|20000100020112012
200001000|20122013|-1.0000|20000100020122013
200001000|20132014|-1.0000|20000100020132014
200020000|20082009|-1.0000|20002000020082009
200020000|20092010|-1.0000|20002000020092010
200020000|20102011|-1.0000|20002000020102011
200020000|20112012|-1.0000|20002000020112012
200020000|20122013|-1.0000|20002000020122013
200020000|20132014|-1.0000|20002000020132014
200030000|20082009|-1.0000|20003000020082009
200030000|20092010|-1.0000|20003000020092010
200030000|20102011|-1.0000|20003000020102011
200030000|20112012|-1.0000|20003000020112012
200030000|20122013|-1.0000|20003000020122013
200030000|20132014|-1.0000|20003000020132014
210015000|20082009|-1.0000|21001500020082009
210015000|20092010|-1.0000|21001500020092010
210015000|20102011|-1.0000|21001500020102011
210015000|20112012|-1.0000|21001500020112012
210015000|20122013|-1.0000|21001500020122013
210015000|20132014|-1.0000|21001500020132014
210025000|20082009|-1.0000|21002500020082009
210025000|20092010|-1.0000|21002500020092010
210025000|20102011|-1.0000|21002500020102011
210025000|20112012|-1.0000|21002500020112012
210025000|20122013|-1.0000|21002500020122013
210025000|20132014|-1.0000|21002500020132014
210044000|20082009|-1.0000|21004400020082009
210044000|20092010|-1.0000|21004400020092010
210044000|20102011|-1.0000|21004400020102011
210044000|20112012|-1.0000|21004400020112012
210044000|20122013|-1.0000|21004400020122013
210044000|20132014|-1.0000|21004400020132014
210084000|20082009|-1.0000|21008400020082009
210084000|20092010|-1.0000|21008400020092010
210084000|20102011|-1.0000|21008400020102011
210084000|20112012|-1.0000|21008400020112012
210084000|20122013|-1.0000|21008400020122013
210084000|20132014|-1.0000|21008400020132014
210089000|20082009|-1.0000|21008900020082009
210089000|20092010|-1.0000|21008900020092010
210089000|20102011|-1.0000|21008900020102011
210089000|20112012|-1.0000|21008900020112012
210089000|20122013|-1.0000|21008900020122013
210089000|20132014|-1.0000|21008900020132014
210180000|20082009|-1.0000|21018000020082009
210180000|20092010|-1.0000|21018000020092010
210180000|20102011|-1.0000|21018000020102011
210180000|20112012|-1.0000|21018000020112012
210180000|20122013|-1.0000|21018000020122013
210180000|20132014|-1.0000|21018000020132014
220011000|20082009|0.0069|22001100020082009
220011000|20092010|0.0149|22001100020092010
220011000|20102011|0.0131|22001100020102011
220011000|20112012|0.0149|22001100020112012
220011000|20122013|0.0112|22001100020122013
220011000|20132014|0.0057|22001100020132014
220031000|20082009|-1.0000|22003100020082009
220031000|20092010|-1.0000|22003100020092010
220031000|20102011|-1.0000|22003100020102011
220031000|20112012|-1.0000|22003100020112012
220031000|20122013|-1.0000|22003100020122013
220031000|20132014|-1.0000|22003100020132014
230002000|20082009|-1.0000|23000200020082009
230002000|20092010|-1.0000|23000200020092010
230002000|20102011|-1.0000|23000200020102011
230002000|20112012|-1.0000|23000200020112012
230002000|20122013|-1.0000|23000200020122013
230002000|20132014|-1.0000|23000200020132014
230071000|20082009|-1.0000|23007100020082009
230071000|20092010|-1.0000|23007100020092010
230071000|20102011|-1.0000|23007100020102011
230071000|20112012|-1.0000|23007100020112012
230071000|20122013|-1.0000|23007100020122013
230071000|20132014|-1.0000|23007100020132014
240001000|20082009|0.0273|24000100020082009
240001000|20092010|0.0181|24000100020092010
240001000|20102011|0.0221|24000100020102011
240001000|20112012|0.0160|24000100020112012
240001000|20122013|0.0164|24000100020122013
240001000|20132014|0.0221|24000100020132014
240004000|20082009|-1.0000|24000400020082009
240004000|20092010|-1.0000|24000400020092010
240004000|20102011|-1.0000|24000400020102011
240004000|20112012|-1.0000|24000400020112012
240004000|20122013|-1.0000|24000400020122013
240004000|20132014|-1.0000|24000400020132014
240011000|20082009|-1.0000|24001100020082009
240011000|20092010|-1.0000|24001100020092010
240011000|20102011|-1.0000|24001100020102011
240011000|20112012|-1.0000|24001100020112012
240011000|20122013|-1.0000|24001100020122013
240011000|20132014|-1.0000|24001100020132014
240020000|20082009|-1.0000|24002000020082009
240020000|20092010|-1.0000|24002000020092010
240020000|20102011|-1.0000|24002000020102011
240020000|20112012|-1.0000|24002000020112012
240020000|20122013|-1.0000|24002000020122013
240020000|20132014|-1.0000|24002000020132014
240101000|20082009|-1.0000|24010100020082009
240101000|20092010|-1.0000|24010100020092010
240101000|20102011|-1.0000|24010100020102011
240101000|20112012|-1.0000|24010100020112012
240101000|20122013|-1.0000|24010100020122013
240101000|20132014|-1.0000|24010100020132014
250025000|20082009|-1.0000|25002500020082009
250025000|20092010|-1.0000|25002500020092010
250025000|20102011|-1.0000|25002500020102011
250025000|20112012|-1.0000|25002500020112012
250025000|20122013|-1.0000|25002500020122013
250025000|20132014|-1.0000|25002500020132014
250095000|20082009|-1.0000|25009500020082009
250095000|20092010|-1.0000|25009500020092010
250095000|20102011|-1.0000|25009500020102011
250095000|20112012|-1.0000|25009500020112012
250095000|20122013|-1.0000|25009500020122013
250095000|20132014|-1.0000|25009500020132014
260001000|20082009|-1.0000|26000100020082009
260001000|20092010|-1.0000|26000100020092010
260001000|20102011|-1.0000|26000100020102011
260001000|20112012|-1.0000|26000100020112012
260001000|20122013|-1.0000|26000100020122013
260001000|20132014|-1.0000|26000100020132014
260024000|20082009|-1.0000|26002400020082009
260024000|20092010|-1.0000|26002400020092010
260024000|20102011|-1.0000|26002400020102011
260024000|20112012|-1.0000|26002400020112012
260024000|20122013|-1.0000|26002400020122013
260024000|20132014|-1.0000|26002400020132014
260070000|20082009|-1.0000|26007000020082009
260070000|20092010|-1.0000|26007000020092010
260070000|20102011|-1.0000|26007000020102011
260070000|20112012|-1.0000|26007000020112012
260070000|20122013|-1.0000|26007000020122013
260070000|20132014|-1.0000|26007000020132014
260561000|20082009|-1.0000|26056100020082009
260561000|20092010|-1.0000|26056100020092010
260561000|20102011|-1.0000|26056100020102011
260561000|20112012|-1.0000|26056100020112012
260561000|20122013|-1.0000|26056100020122013
260561000|20132014|-1.0000|26056100020132014
270001000|20082009|0.0242|27000100020082009
270001000|20092010|0.0219|27000100020092010
270001000|20102011|0.0167|27000100020102011
270001000|20112012|0.0249|27000100020112012
270001000|20122013|0.0107|27000100020122013
270001000|20132014|0.0145|27000100020132014
270046000|20082009|-1.0000|27004600020082009
270046000|20092010|-1.0000|27004600020092010
270046000|20102011|-1.0000|27004600020102011
270062000|20082009|-1.0000|27006200020082009
270062000|20092010|-1.0000|27006200020092010
270062000|20102011|-1.0000|27006200020102011
270062000|20112012|-1.0000|27006200020112012
270062000|20122013|-1.0000|27006200020122013
270062000|20132014|-1.0000|27006200020132014
270594000|20082009|-1.0000|27059400020082009
270594000|20092010|-1.0000|27059400020092010
270594000|20102011|-1.0000|27059400020102011
270594000|20112012|-1.0000|27059400020112012
270594000|20122013|-1.0000|27059400020122013
270594000|20132014|-1.0000|27059400020132014
270595000|20082009|-1.0000|27059500020082009
270595000|20092010|-1.0000|27059500020092010
270595000|20102011|-1.0000|27059500020102011
270595000|20112012|-1.0000|27059500020112012
270595000|20122013|-1.0000|27059500020122013
270595000|20132014|-1.0000|27059500020132014
280001000|20082009|0.0372|28000100020082009
280001000|20092010|0.0264|28000100020092010
280001000|20102011|0.0290|28000100020102011
280001000|20112012|0.0384|28000100020112012
280001000|20122013|0.0249|28000100020122013
280001000|20132014|0.0253|28000100020132014
280010000|20082009|-1.0000|28001000020082009
280010000|20092010|-1.0000|28001000020092010
280010000|20102011|-1.0000|28001000020102011
280010000|20112012|-1.0000|28001000020112012
280010000|20122013|-1.0000|28001000020122013
280010000|20132014|-1.0000|28001000020132014
280015000|20082009|-1.0000|28001500020082009
280015000|20092010|-1.0000|28001500020092010
280015000|20102011|-1.0000|28001500020102011
280015000|20112012|-1.0000|28001500020112012
280015000|20122013|-1.0000|28001500020122013
280015000|20132014|-1.0000|28001500020132014
280017000|20082009|0.0062|28001700020082009
280017000|20092010|0.0041|28001700020092010
280017000|20102011|0.0056|28001700020102011
280017000|20112012|0.0027|28001700020112012
280017000|20122013|0.0031|28001700020122013
280017000|20132014|0.0052|28001700020132014
280054000|20082009|0.0295|28005400020082009
280054000|20092010|0.0204|28005400020092010
280054000|20102011|0.0136|28005400020102011
280054000|20112012|0.0117|28005400020112012
280054000|20122013|0.0086|28005400020122013
280054000|20132014|0.0117|28005400020132014
280059000|20082009|-1.0000|28005900020082009
280059000|20092010|-1.0000|28005900020092010
280059000|20102011|-1.0000|28005900020102011
280059000|20112012|-1.0000|28005900020112012
280059000|20122013|-1.0000|28005900020122013
280059000|20132014|-1.0000|28005900020132014
280066000|20082009|0.0133|28006600020082009
280066000|20092010|0.0139|28006600020092010
280066000|20102011|0.0073|28006600020102011
280066000|20112012|0.0078|28006600020112012
280066000|20122013|0.0038|28006600020122013
280066000|20132014|0.0073|28006600020132014
290117000|20082009|-1.0000|29011700020082009
290117000|20092010|-1.0000|29011700020092010
290117000|20102011|-1.0000|29011700020102011
290117000|20112012|-1.0000|29011700020112012
290117000|20122013|-1.0000|29011700020122013
290117000|20132014|-1.0000|29011700020132014
300001000|20082009|-1.0000|30000100020082009
300001000|20092010|-1.0000|30000100020092010
300001000|20102011|-1.0000|30000100020102011
300001000|20112012|-1.0000|30000100020112012
300001000|20122013|-1.0000|30000100020122013
300001000|20132014|-1.0000|30000100020132014
300025000|20082009|-1.0000|30002500020082009
300025000|20092010|-1.0000|30002500020092010
300025000|20102011|-1.0000|30002500020102011
300025000|20112012|-1.0000|30002500020112012
300025000|20122013|-1.0000|30002500020122013
300025000|20132014|-1.0000|30002500020132014
300054000|20082009|-1.0000|30005400020082009
300054000|20092010|-1.0000|30005400020092010
300054000|20102011|-1.0000|30005400020102011
300054000|20112012|-1.0000|30005400020112012
300054000|20122013|-1.0000|30005400020122013
300054000|20132014|-1.0000|30005400020132014
310506000|20082009|-1.0000|31050600020082009
310506000|20092010|-1.0000|31050600020092010
310506000|20102011|-1.0000|31050600020102011
310506000|20112012|-1.0000|31050600020112012
310506000|20122013|-1.0000|31050600020122013
310506000|20132014|-1.0000|31050600020132014
320046000|20082009|-1.0000|32004600020082009
320046000|20092010|-1.0000|32004600020092010
320046000|20102011|-1.0000|32004600020102011
320046000|20112012|-1.0000|32004600020112012
320046000|20122013|-1.0000|32004600020122013
320046000|20132014|-1.0000|32004600020132014
320095000|20082009|-1.0000|32009500020082009
320095000|20092010|-1.0000|32009500020092010
320095000|20102011|-1.0000|32009500020102011
320095000|20112012|-1.0000|32009500020112012
320095000|20122013|-1.0000|32009500020122013
320095000|20132014|-1.0000|32009500020132014
320125000|20082009|-1.0000|32012500020082009
320125000|20092010|-1.0000|32012500020092010
320125000|20102011|-1.0000|32012500020102011
320125000|20112012|-1.0000|32012500020112012
320125000|20122013|-1.0000|32012500020122013
320125000|20132014|-1.0000|32012500020132014
330018000|20082009|-1.0000|33001800020082009
330018000|20092010|-1.0000|33001800020092010
330018000|20102011|-1.0000|33001800020102011
330018000|20112012|-1.0000|33001800020112012
330018000|20122013|-1.0000|33001800020122013
330018000|20132014|-1.0000|33001800020132014
330021000|20082009|-1.0000|33002100020082009
330021000|20092010|-1.0000|33002100020092010
330021000|20102011|-1.0000|33002100020102011
330021000|20112012|-1.0000|33002100020112012
330021000|20122013|-1.0000|33002100020122013
330021000|20132014|-1.0000|33002100020132014
330540000|20082009|-1.0000|33054000020082009
330540000|20092010|-1.0000|33054000020092010
330540000|20102011|-1.0000|33054000020102011
330540000|20112012|-1.0000|33054000020112012
330540000|20122013|-1.0000|33054000020122013
330540000|20132014|-1.0000|33054000020132014
340001000|20082009|-1.0000|34000100020082009
340001000|20092010|-1.0000|34000100020092010
340001000|20102011|-1.0000|34000100020102011
340001000|20112012|-1.0000|34000100020112012
340001000|20122013|-1.0000|34000100020122013
340001000|20132014|-1.0000|34000100020132014
340015000|20082009|0.0125|34001500020082009
340015000|20092010|0.0285|34001500020092010
340015000|20102011|0.0186|34001500020102011
340015000|20112012|0.0185|34001500020112012
340015000|20122013|-1.0000|34001500020122013
340015000|20132014|0.0102|34001500020132014
340034000|20082009|-1.0000|34003400020082009
340034000|20092010|-1.0000|34003400020092010
340034000|20102011|-1.0000|34003400020102011
340034000|20112012|-1.0000|34003400020112012
340034000|20122013|-1.0000|34003400020122013
340034000|20132014|-1.0000|34003400020132014
340100000|20082009|-1.0000|34010000020082009
340100000|20092010|-1.0000|34010000020092010
340100000|20102011|-1.0000|34010000020102011
340100000|20112012|-1.0000|34010000020112012
340100000|20122013|-1.0000|34010000020122013
340100000|20132014|-1.0000|34010000020132014
350001000|20082009|-1.0000|35000100020082009
350001000|20092010|-1.0000|35000100020092010
350001000|20102011|-1.0000|35000100020102011
350001000|20112012|-1.0000|35000100020112012
350001000|20122013|-1.0000|35000100020122013
350001000|20132014|-1.0000|35000100020132014
360100000|20082009|-1.0000|36010000020082009
360100000|20092010|-1.0000|36010000020092010
360100000|20102011|-1.0000|36010000020102011
360100000|20112012|-1.0000|36010000020112012
360100000|20122013|-1.0000|36010000020122013
360100000|20132014|-1.0000|36010000020132014
370030000|20082009|-1.0000|37003000020082009
370030000|20092010|-1.0000|37003000020092010
370030000|20102011|-1.0000|37003000020102011
370030000|20112012|-1.0000|37003000020112012
370030000|20122013|-1.0000|37003000020122013
370030000|20132014|-1.0000|37003000020132014
380011000|20082009|-1.0000|38001100020082009
380011000|20092010|-1.0000|38001100020092010
380011000|20102011|-1.0000|38001100020102011
380011000|20112012|-1.0000|38001100020112012
380011000|20122013|-1.0000|38001100020122013
380011000|20132014|-1.0000|38001100020132014
390010000|20082009|-1.0000|39001000020082009
390010000|20092010|-1.0000|39001000020092010
390010000|20102011|-1.0000|39001000020102011
390010000|20112012|-1.0000|39001000020112012
390010000|20122013|-1.0000|39001000020122013
390010000|20132014|-1.0000|39001000020132014
390055000|20082009|-1.0000|39005500020082009
390055000|20092010|-1.0000|39005500020092010
390055000|20102011|-1.0000|39005500020102011
390055000|20112012|-1.0000|39005500020112012
390055000|20122013|-1.0000|39005500020122013
390055000|20132014|-1.0000|39005500020132014
390501000|20082009|-1.0000|39050100020082009
390501000|20092010|-1.0000|39050100020092010
390501000|20102011|-1.0000|39050100020102011
390501000|20112012|-1.0000|39050100020112012
390501000|20122013|-1.0000|39050100020122013
390501000|20132014|-1.0000|39050100020132014
400002000|20082009|0.0251|40000200020082009
400002000|20092010|0.0261|40000200020092010
400002000|20102011|0.0241|40000200020102011
400002000|20112012|0.0126|40000200020112012
400002000|20122013|0.0153|40000200020122013
400002000|20132014|0.0187|40000200020132014
400082000|20082009|-1.0000|40008200020082009
400082000|20092010|-1.0000|40008200020092010
400082000|20102011|0.0122|40008200020102011
400082000|20112012|-1.0000|40008200020112012
400082000|20122013|-1.0000|40008200020122013
400082000|20132014|-1.0000|40008200020132014
400083000|20082009|-1.0000|40008300020082009
400083000|20092010|-1.0000|40008300020092010
400083000|20102011|-1.0000|40008300020102011
400083000|20112012|-1.0000|40008300020112012
400083000|20122013|-1.0000|40008300020122013
400083000|20132014|-1.0000|40008300020132014
400126000|20082009|-1.0000|40012600020082009
400126000|20092010|-1.0000|40012600020092010
400126000|20102011|-1.0000|40012600020102011
400126000|20112012|-1.0000|40012600020112012
400126000|20122013|-1.0000|40012600020122013
400126000|20132014|-1.0000|40012600020132014
410002000|20082009|-1.0000|41000200020082009
410002000|20092010|-1.0000|41000200020092010
410002000|20102011|-1.0000|41000200020102011
410002000|20112012|-1.0000|41000200020112012
410002000|20122013|-1.0000|41000200020122013
410002000|20132014|-1.0000|41000200020132014
410091000|20082009|-1.0000|41009100020082009
410091000|20092010|-1.0000|41009100020092010
410091000|20102011|-1.0000|41009100020102011
410091000|20112012|-1.0000|41009100020112012
410091000|20122013|-1.0000|41009100020122013
410091000|20132014|-1.0000|41009100020132014
410504000|20082009|-1.0000|41050400020082009
410504000|20092010|-1.0000|41050400020092010
410504000|20102011|-1.0000|41050400020102011
410504000|20112012|-1.0000|41050400020112012
410504000|20122013|-1.0000|41050400020122013
410504000|20132014|-1.0000|41050400020132014
420002000|20082009|-1.0000|42000200020082009
420002000|20092010|-1.0000|42000200020092010
420002000|20102011|-1.0000|42000200020102011
420002000|20112012|-1.0000|42000200020112012
420002000|20122013|-1.0000|42000200020122013
420002000|20132014|-1.0000|42000200020132014
430079000|20082009|-1.0000|43007900020082009
430079000|20092010|-1.0000|43007900020092010
430079000|20102011|-1.0000|43007900020102011
430079000|20112012|-1.0000|43007900020112012
430079000|20122013|-1.0000|43007900020122013
430079000|20132014|-1.0000|43007900020132014
440070000|20082009|-1.0000|44007000020082009
440070000|20092010|-1.0000|44007000020092010
440070000|20102011|-1.0000|44007000020102011
440070000|20112012|-1.0000|44007000020112012
440070000|20122013|-1.0000|44007000020122013
440070000|20132014|-1.0000|44007000020132014
450007000|20082009|-1.0000|45000700020082009
450007000|20092010|-1.0000|45000700020092010
450007000|20102011|-1.0000|45000700020102011
450007000|20112012|-1.0000|45000700020112012
450007000|20122013|-1.0000|45000700020122013
450007000|20132014|-1.0000|45000700020132014
450029000|20082009|-1.0000|45002900020082009
450029000|20092010|-1.0000|45002900020092010
450029000|20102011|-1.0000|45002900020102011
450029000|20112012|-1.0000|45002900020112012
450029000|20122013|-1.0000|45002900020122013
450029000|20132014|-1.0000|45002900020132014
450044000|20082009|-1.0000|45004400020082009
450044000|20092010|-1.0000|45004400020092010
450044000|20102011|-1.0000|45004400020102011
450044000|20112012|-1.0000|45004400020112012
450044000|20122013|-1.0000|45004400020122013
450044000|20132014|-1.0000|45004400020132014
450137000|20082009|-1.0000|45013700020082009
450137000|20092010|-1.0000|45013700020092010
450137000|20102011|-1.0000|45013700020102011
450137000|20112012|-1.0000|45013700020112012
450137000|20122013|-1.0000|45013700020122013
450137000|20132014|-1.0000|45013700020132014
450239000|20082009|-1.0000|45023900020082009
450239000|20092010|-1.0000|45023900020092010
450239000|20102011|-1.0000|45023900020102011
450239000|20112012|-1.0000|45023900020112012
450239000|20122013|-1.0000|45023900020122013
450239000|20132014|-1.0000|45023900020132014
460001000|20082009|-1.0000|46000100020082009
460001000|20092010|-1.0000|46000100020092010
460001000|20102011|-1.0000|46000100020102011
460001000|20112012|-1.0000|46000100020112012
460001000|20122013|-1.0000|46000100020122013
460001000|20132014|-1.0000|46000100020132014
470001000|20082009|-1.0000|47000100020082009
470001000|20092010|-1.0000|47000100020092010
470001000|20102011|-1.0000|47000100020102011
470001000|20112012|-1.0000|47000100020112012
470001000|20122013|-1.0000|47000100020122013
470001000|20132014|-1.0000|47000100020132014
470100000|20082009|-1.0000|47010000020082009
470100000|20092010|-1.0000|47010000020092010
470100000|20102011|-1.0000|47010000020102011
470100000|20112012|-1.0000|47010000020112012
470100000|20122013|-1.0000|47010000020122013
470100000|20132014|-1.0000|47010000020132014
470103000|20082009|-1.0000|47010300020082009
470103000|20092010|-1.0000|47010300020092010
470103000|20102011|-1.0000|47010300020102011
470103000|20112012|-1.0000|47010300020112012
470103000|20122013|-1.0000|47010300020122013
470103000|20132014|-1.0000|47010300020132014
480008000|20082009|-1.0000|48000800020082009
480008000|20092010|-1.0000|48000800020092010
480008000|20102011|-1.0000|48000800020102011
480008000|20112012|-1.0000|48000800020112012
480008000|20122013|-1.0000|48000800020122013
480008000|20132014|-1.0000|48000800020132014
480300000|20082009|-1.0000|48030000020082009
480300000|20092010|-1.0000|48030000020092010
480300000|20102011|-1.0000|48030000020102011
480300000|20112012|-1.0000|48030000020112012
480300000|20122013|-1.0000|48030000020122013
480300000|20132014|-1.0000|48030000020132014
480303000|20082009|-1.0000|48030300020082009
480303000|20092010|-1.0000|48030300020092010
480303000|20102011|-1.0000|48030300020102011
480303000|20112012|-1.0000|48030300020112012
480303000|20122013|-1.0000|48030300020122013
480303000|20132014|-1.0000|48030300020132014
490033000|20082009|-1.0000|49003300020082009
490033000|20092010|-1.0000|49003300020092010
490033000|20102011|-1.0000|49003300020102011
490033000|20112012|-1.0000|49003300020112012
490033000|20122013|-1.0000|49003300020122013
490033000|20132014|-1.0000|49003300020132014
490050000|20082009|-1.0000|49005000020082009
490050000|20092010|-1.0000|49005000020092010
490050000|20102011|-1.0000|49005000020102011
490050000|20112012|-1.0000|49005000020112012
490050000|20122013|-1.0000|49005000020122013
490050000|20132014|-1.0000|49005000020132014
500001000|20082009|-1.0000|50000100020082009
500001000|20092010|-1.0000|50000100020092010
500001000|20102011|-1.0000|50000100020102011
500001000|20112012|-1.0000|50000100020112012
500001000|20122013|-1.0000|50000100020122013
500001000|20132014|-1.0000|50000100020132014
500501000|20082009|-1.0000|50050100020082009
500501000|20092010|-1.0000|50050100020092010
500501000|20102011|-1.0000|50050100020102011
500501000|20112012|-1.0000|50050100020112012
500501000|20122013|-1.0000|50050100020122013
500501000|20132014|-1.0000|50050100020132014
500503000|20082009|-1.0000|50050300020082009
500503000|20092010|-1.0000|50050300020092010
500503000|20102011|-1.0000|50050300020102011
500503000|20112012|-1.0000|50050300020112012
500503000|20122013|-1.0000|50050300020122013
500503000|20132014|-1.0000|50050300020132014
510001000|20082009|-1.0000|51000100020082009
510001000|20092010|-1.0000|51000100020092010
510001000|20102011|-1.0000|51000100020102011
510001000|20112012|0.0231|51000100020112012
510001000|20122013|-1.0000|51000100020122013
510001000|20132014|-1.0000|51000100020132014
510006000|20082009|-1.0000|51000600020082009
510006000|20092010|-1.0000|51000600020092010
510006000|20102011|-1.0000|51000600020102011
510006000|20112012|-1.0000|51000600020112012
510006000|20122013|-1.0000|51000600020122013
510006000|20132014|-1.0000|51000600020132014
520100000|20082009|-1.0000|52010000020082009
520100000|20092010|-1.0000|52010000020092010
520100000|20102011|-1.0000|52010000020102011
520100000|20112012|-1.0000|52010000020112012
520100000|20122013|-1.0000|52010000020122013
520100000|20132014|-1.0000|52010000020132014
530001000|20082009|-1.0000|53000100020082009
530001000|20092010|-1.0000|53000100020092010
530001000|20102011|-1.0000|53000100020102011
530001000|20112012|-1.0000|53000100020112012
530001000|20122013|-1.0000|53000100020122013
530001000|20132014|-1.0000|53000100020132014
540013000|20082009|-1.0000|54001300020082009
540013000|20092010|-1.0000|54001300020092010
540013000|20102011|-1.0000|54001300020102011
540013000|20112012|-1.0000|54001300020112012
540013000|20122013|-1.0000|54001300020122013
540013000|20132014|-1.0000|54001300020132014
540096000|20082009|-1.0000|54009600020082009
540096000|20092010|-1.0000|54009600020092010
540096000|20102011|-1.0000|54009600020102011
540096000|20112012|-1.0000|54009600020112012
540096000|20122013|-1.0000|54009600020122013
540096000|20132014|-1.0000|54009600020132014
540501000|20082009|-1.0000|54050100020082009
540501000|20092010|-1.0000|54050100020092010
540501000|20102011|-1.0000|54050100020102011
540501000|20112012|-1.0000|54050100020112012
540501000|20122013|-1.0000|54050100020122013
540501000|20132014|-1.0000|54050100020132014
540505000|20082009|-1.0000|54050500020082009
540505000|20092010|-1.0000|54050500020092010
540505000|20102011|-1.0000|54050500020102011
540505000|20112012|-1.0000|54050500020112012
540505000|20122013|-1.0000|54050500020122013
540505000|20132014|-1.0000|54050500020132014
540576000|20082009|-1.0000|54057600020082009
540576000|20092010|-1.0000|54057600020092010
540576000|20102011|-1.0000|54057600020102011
540576000|20112012|-1.0000|54057600020112012
540576000|20122013|-1.0000|54057600020122013
540576000|20132014|-1.0000|54057600020132014
540586000|20082009|-1.0000|54058600020082009
540586000|20092010|-1.0000|54058600020092010
540586000|20102011|-1.0000|54058600020102011
540586000|20112012|-1.0000|54058600020112012
540586000|20122013|-1.0000|54058600020122013
540586000|20132014|-1.0000|54058600020132014
550001000|20082009|0.0265|55000100020082009
550001000|20092010|0.0260|55000100020092010
550001000|20102011|0.0236|55000100020102011
550001000|20112012|0.0202|55000100020112012
550001000|20122013|0.0141|55000100020122013
550001000|20132014|0.0151|55000100020132014
550145000|20082009|-1.0000|55014500020082009
550145000|20092010|-1.0000|55014500020092010
550145000|20102011|-1.0000|55014500020102011
550145000|20112012|-1.0000|55014500020112012
550145000|20122013|-1.0000|55014500020122013
550145000|20132014|-1.0000|55014500020132014
550148000|20082009|-1.0000|55014800020082009
550148000|20092010|-1.0000|55014800020092010
550148000|20102011|-1.0000|55014800020102011
550148000|20112012|-1.0000|55014800020112012
550148000|20122013|-1.0000|55014800020122013
550148000|20132014|-1.0000|55014800020132014
550160000|20082009|-1.0000|55016000020082009
550160000|20092010|-1.0000|55016000020092010
550160000|20102011|-1.0000|55016000020102011
550160000|20112012|-1.0000|55016000020112012
550160000|20122013|-1.0000|55016000020122013
550160000|20132014|-1.0000|55016000020132014
550161000|20082009|-1.0000|55016100020082009
550161000|20092010|-1.0000|55016100020092010
550161000|20102011|-1.0000|55016100020102011
550161000|20112012|-1.0000|55016100020112012
550161000|20122013|-1.0000|55016100020122013
550161000|20132014|-1.0000|55016100020132014
560001000|20082009|0.0318|56000100020082009
560001000|20092010|0.0287|56000100020092010
560001000|20102011|0.0180|56000100020102011
560001000|20112012|0.0222|56000100020112012
560001000|20122013|0.0096|56000100020122013
560001000|20132014|0.0103|56000100020132014
560006000|20082009|-1.0000|56000600020082009
560006000|20092010|-1.0000|56000600020092010
560006000|20102011|-1.0000|56000600020102011
560006000|20112012|-1.0000|56000600020112012
560006000|20122013|-1.0000|56000600020122013
560006000|20132014|-1.0000|56000600020132014
560007000|20082009|-1.0000|56000700020082009
560007000|20092010|-1.0000|56000700020092010
560007000|20102011|-1.0000|56000700020102011
560007000|20112012|-1.0000|56000700020112012
560007000|20122013|-1.0000|56000700020122013
560007000|20132014|-1.0000|56000700020132014
560037000|20082009|-1.0000|56003700020082009
560037000|20092010|-1.0000|56003700020092010
560037000|20102011|-1.0000|56003700020102011
560037000|20112012|-1.0000|56003700020112012
560037000|20122013|-1.0000|56003700020122013
560037000|20132014|-1.0000|56003700020132014
560055000|20082009|-1.0000|56005500020082009
560055000|20092010|-1.0000|56005500020092010
560055000|20102011|-1.0000|56005500020102011
560055000|20112012|-1.0000|56005500020112012
560055000|20122013|-1.0000|56005500020122013
560055000|20132014|-1.0000|56005500020132014
560565000|20082009|-1.0000|56056500020082009
560565000|20092010|-1.0000|56056500020092010
560565000|20102011|-1.0000|56056500020102011
560565000|20112012|-1.0000|56056500020112012
560565000|20122013|-1.0000|56056500020122013
560565000|20132014|-1.0000|56056500020132014
570501000|20082009|-1.0000|57050100020082009
570501000|20092010|-1.0000|57050100020092010
570501000|20102011|-1.0000|57050100020102011
570501000|20112012|-1.0000|57050100020112012
570501000|20122013|-1.0000|57050100020122013
570501000|20132014|-1.0000|57050100020132014
580025000|20082009|-1.0000|58002500020082009
580025000|20092010|-1.0000|58002500020092010
580025000|20102011|-1.0000|58002500020102011
580025000|20112012|-1.0000|58002500020112012
580025000|20122013|-1.0000|58002500020122013
580025000|20132014|-1.0000|58002500020132014
590001000|20082009|-1.0000|59000100020082009
590001000|20092010|0.0410|59000100020092010
590001000|20102011|-1.0000|59000100020102011
590001000|20112012|-1.0000|59000100020112012
590001000|20122013|-1.0000|59000100020122013
590001000|20132014|-1.0000|59000100020132014
590002000|20082009|0.0142|59000200020082009
590002000|20092010|0.0201|59000200020092010
590002000|20102011|0.0137|59000200020102011
590002000|20112012|0.0079|59000200020112012
590002000|20122013|0.0154|59000200020122013
590002000|20132014|0.0097|59000200020132014
590005000|20082009|-1.0000|59000500020082009
590005000|20092010|-1.0000|59000500020092010
590005000|20102011|-1.0000|59000500020102011
590005000|20112012|-1.0000|59000500020112012
590005000|20122013|-1.0000|59000500020122013
590005000|20132014|-1.0000|59000500020132014
590013000|20082009|-1.0000|59001300020082009
590013000|20092010|-1.0000|59001300020092010
590013000|20102011|-1.0000|59001300020102011
590013000|20112012|-1.0000|59001300020112012
590013000|20122013|-1.0000|59001300020122013
590013000|20132014|-1.0000|59001300020132014
590080000|20082009|-1.0000|59008000020082009
590080000|20092010|-1.0000|59008000020092010
590080000|20102011|-1.0000|59008000020102011
590080000|20112012|-1.0000|59008000020112012
590080000|20122013|-1.0000|59008000020122013
590080000|20132014|-1.0000|59008000020132014
600090000|20082009|-1.0000|60009000020082009
600090000|20092010|-1.0000|60009000020092010
600090000|20102011|-1.0000|60009000020102011
600090000|20112012|-1.0000|60009000020112012
600090000|20122013|-1.0000|60009000020122013
600090000|20132014|-1.0000|60009000020132014
610004000|20082009|-1.0000|61000400020082009
610004000|20092010|-1.0000|61000400020092010
610004000|20102011|-1.0000|61000400020102011
610004000|20112012|-1.0000|61000400020112012
610004000|20122013|-1.0000|61000400020122013
610004000|20132014|-1.0000|61000400020132014
610049000|20082009|-1.0000|61004900020082009
610049000|20092010|-1.0000|61004900020092010
610049000|20102011|-1.0000|61004900020102011
610049000|20112012|-1.0000|61004900020112012
610049000|20122013|-1.0000|61004900020122013
610049000|20132014|-1.0000|61004900020132014
620021000|20082009|-1.0000|62002100020082009
620021000|20092010|-1.0000|62002100020092010
620021000|20102011|-1.0000|62002100020102011
620021000|20112012|-1.0000|62002100020112012
620021000|20122013|-1.0000|62002100020122013
620021000|20132014|-1.0000|62002100020132014
620063000|20082009|-1.0000|62006300020082009
620063000|20092010|-1.0000|62006300020092010
620063000|20102011|-1.0000|62006300020102011
620063000|20112012|-1.0000|62006300020112012
620063000|20122013|-1.0000|62006300020122013
620063000|20132014|-1.0000|62006300020132014
630001000|20082009|-1.0000|63000100020082009
630001000|20092010|-1.0000|63000100020092010
630001000|20102011|-1.0000|63000100020102011
630001000|20112012|-1.0000|63000100020112012
630001000|20122013|-1.0000|63000100020122013
630001000|20132014|-1.0000|63000100020132014
630030000|20082009|-1.0000|63003000020082009
630030000|20092010|-1.0000|63003000020092010
630030000|20102011|-1.0000|63003000020102011
630030000|20112012|-1.0000|63003000020112012
630030000|20122013|-1.0000|63003000020122013
630030000|20132014|-1.0000|63003000020132014
640023000|20082009|-1.0000|64002300020082009
640023000|20092010|-1.0000|64002300020092010
640023000|20102011|-1.0000|64002300020102011
640023000|20112012|-1.0000|64002300020112012
640023000|20122013|-1.0000|64002300020122013
640023000|20132014|-1.0000|64002300020132014
640029000|20082009|-1.0000|64002900020082009
640029000|20092010|-1.0000|64002900020092010
640029000|20102011|-1.0000|64002900020102011
640029000|20112012|-1.0000|64002900020112012
640029000|20122013|-1.0000|64002900020122013
640029000|20132014|-1.0000|64002900020132014
650011000|20082009|-1.0000|65001100020082009
650011000|20092010|-1.0000|65001100020092010
650011000|20102011|-1.0000|65001100020102011
650011000|20112012|-1.0000|65001100020112012
650011000|20122013|-1.0000|65001100020122013
650011000|20132014|-1.0000|65001100020132014
652005000|20082009|-1.0000|65200500020082009
652005000|20092010|-1.0000|65200500020092010
652005000|20102011|-1.0000|65200500020102011
652005000|20112012|-1.0000|65200500020112012
652005000|20122013|-1.0000|65200500020122013
652005000|20132014|-1.0000|65200500020132014
660027000|20082009|-1.0000|66002700020082009
660027000|20092010|-1.0000|66002700020092010
660027000|20102011|-1.0000|66002700020102011
660027000|20112012|-1.0000|66002700020112012
660027000|20122013|-1.0000|66002700020122013
660027000|20132014|-1.0000|66002700020132014
660111000|20082009|0.0183|66011100020082009
660111000|20092010|0.0281|66011100020092010
660111000|20102011|-1.0000|66011100020102011
660111000|20112012|-1.0000|66011100020112012
660111000|20122013|-1.0000|66011100020122013
660111000|20132014|0.0157|66011100020132014
660501000|20082009|-1.0000|66050100020082009
660501000|20092010|-1.0000|66050100020092010
660501000|20102011|-1.0000|66050100020102011
660501000|20112012|-1.0000|66050100020112012
660501000|20122013|-1.0000|66050100020122013
660501000|20132014|-1.0000|66050100020132014
670001000|20082009|-1.0000|67000100020082009
670001000|20092010|-1.0000|67000100020092010
670001000|20102011|-1.0000|67000100020102011
670001000|20112012|-1.0000|67000100020112012
670001000|20122013|-1.0000|67000100020122013
670001000|20132014|-1.0000|67000100020132014
670069000|20082009|-1.0000|67006900020082009
670069000|20092010|-1.0000|67006900020092010
670069000|20102011|-1.0000|67006900020102011
670069000|20112012|-1.0000|67006900020112012
670069000|20122013|-1.0000|67006900020122013
670069000|20132014|-1.0000|67006900020132014
680020000|20082009|-1.0000|68002000020082009
680020000|20092010|-1.0000|68002000020092010
680020000|20102011|-1.0000|68002000020102011
680020000|20112012|-1.0000|68002000020112012
680020000|20122013|-1.0000|68002000020122013
680020000|20132014|-1.0000|68002000020132014
690044000|20082009|0.0189|69004400020082009
690044000|20092010|0.0220|69004400020092010
690044000|20102011|-1.0000|69004400020102011
690044000|20112012|-1.0000|69004400020112012
690044000|20122013|-1.0000|69004400020122013
690044000|20132014|0.0187|69004400020132014
690054000|20082009|-1.0000|69005400020082009
690054000|20092010|-1.0000|69005400020092010
690054000|20102011|-1.0000|69005400020102011
690054000|20112012|-1.0000|69005400020112012
690054000|20122013|-1.0000|69005400020122013
690054000|20132014|-1.0000|69005400020132014
690055000|20082009|-1.0000|69005500020082009
690055000|20092010|-1.0000|69005500020092010
690055000|20102011|-1.0000|69005500020102011
690055000|20112012|-1.0000|69005500020112012
690055000|20122013|-1.0000|69005500020122013
690055000|20132014|-1.0000|69005500020132014
700002000|20082009|-1.0000|70000200020082009
700002000|20092010|-1.0000|70000200020092010
700002000|20102011|-1.0000|70000200020102011
700002000|20112012|-1.0000|70000200020112012
700002000|20122013|-1.0000|70000200020122013
700002000|20132014|-1.0000|70000200020132014
700005000|20082009|-1.0000|70000500020082009
700005000|20092010|-1.0000|70000500020092010
700005000|20102011|-1.0000|70000500020102011
700005000|20112012|-1.0000|70000500020112012
700005000|20122013|-1.0000|70000500020122013
700005000|20132014|-1.0000|70000500020132014
700542000|20082009|-1.0000|70054200020082009
700542000|20092010|-1.0000|70054200020092010
700542000|20102011|-1.0000|70054200020102011
700542000|20112012|-1.0000|70054200020112012
700542000|20122013|-1.0000|70054200020122013
700542000|20132014|-1.0000|70054200020132014
710001000|20082009|0.0154|71000100020082009
710001000|20092010|0.0105|71000100020092010
710001000|20102011|0.0173|71000100020102011
710001000|20112012|0.0199|71000100020112012
710001000|20122013|0.0149|71000100020122013
710001000|20132014|0.0116|71000100020132014
710005000|20082009|-1.0000|71000500020082009
710005000|20092010|-1.0000|71000500020092010
710005000|20102011|-1.0000|71000500020102011
710005000|20112012|-1.0000|71000500020112012
710005000|20122013|-1.0000|71000500020122013
710005000|20132014|-1.0000|71000500020132014
710067000|20082009|-1.0000|71006700020082009
710067000|20092010|-1.0000|71006700020092010
710067000|20102011|-1.0000|71006700020102011
710067000|20112012|-1.0000|71006700020112012
710067000|20122013|-1.0000|71006700020122013
710067000|20132014|-1.0000|71006700020132014
720015000|20082009|-1.0000|72001500020082009
720015000|20092010|-1.0000|72001500020092010
720015000|20102011|-1.0000|72001500020102011
720015000|20112012|-1.0000|72001500020112012
720015000|20122013|-1.0000|72001500020122013
720015000|20132014|-1.0000|72001500020132014
720019000|20082009|-1.0000|72001900020082009
720019000|20092010|-1.0000|72001900020092010
720019000|20102011|-1.0000|72001900020102011
720019000|20112012|-1.0000|72001900020112012
720019000|20122013|-1.0000|72001900020122013
720019000|20132014|-1.0000|72001900020132014
720032000|20082009|-1.0000|72003200020082009
720032000|20092010|-1.0000|72003200020092010
720032000|20102011|-1.0000|72003200020102011
720032000|20112012|-1.0000|72003200020112012
720032000|20122013|-1.0000|72003200020122013
720032000|20132014|-1.0000|72003200020132014
720075000|20082009|-1.0000|72007500020082009
720075000|20092010|-1.0000|72007500020092010
720075000|20102011|-1.0000|72007500020102011
720075000|20112012|-1.0000|72007500020112012
720075000|20122013|-1.0000|72007500020122013
720075000|20132014|-1.0000|72007500020132014
730017000|20082009|0.0169|73001700020082009
730017000|20092010|-1.0000|73001700020092010
730017000|20102011|-1.0000|73001700020102011
730017000|20112012|-1.0000|73001700020112012
730017000|20122013|-1.0000|73001700020122013
730017000|20132014|-1.0000|73001700020132014
730179000|20082009|-1.0000|73017900020082009
730179000|20092010|-1.0000|73017900020092010
730179000|20102011|-1.0000|73017900020102011
730179000|20112012|-1.0000|73017900020112012
730179000|20122013|-1.0000|73017900020122013
730179000|20132014|-1.0000|73017900020132014
740056000|20082009|-1.0000|74005600020082009
740056000|20092010|-1.0000|74005600020092010
740056000|20102011|-1.0000|74005600020102011
740056000|20112012|-1.0000|74005600020112012
740056000|20122013|-1.0000|74005600020122013
740056000|20132014|-1.0000|74005600020132014
740070000|20082009|-1.0000|74007000020082009
740070000|20092010|-1.0000|74007000020092010
740070000|20102011|-1.0000|74007000020102011
740070000|20112012|-1.0000|74007000020112012
740070000|20122013|-1.0000|74007000020122013
740070000|20132014|-1.0000|74007000020132014
740501000|20082009|-1.0000|74050100020082009
750100000|20082009|-1.0000|75010000020082009
750100000|20092010|-1.0000|75010000020092010
750100000|20102011|-1.0000|75010000020102011
750100000|20112012|-1.0000|75010000020112012
750100000|20122013|-1.0000|75010000020122013
750100000|20132014|-1.0000|75010000020132014
760002000|20082009|-1.0000|76000200020082009
760002000|20092010|-1.0000|76000200020092010
760002000|20102011|0.0309|76000200020102011
760002000|20112012|-1.0000|76000200020112012
760002000|20122013|-1.0000|76000200020122013
760002000|20132014|-1.0000|76000200020132014
760044000|20082009|-1.0000|76004400020082009
760044000|20092010|-1.0000|76004400020092010
760044000|20102011|-1.0000|76004400020102011
760044000|20112012|-1.0000|76004400020112012
760044000|20122013|-1.0000|76004400020122013
760044000|20132014|-1.0000|76004400020132014
760068000|20082009|-1.0000|76006800020082009
760068000|20092010|-1.0000|76006800020092010
760068000|20102011|-1.0000|76006800020102011
760068000|20112012|-1.0000|76006800020112012
760068000|20122013|-1.0000|76006800020122013
760068000|20132014|-1.0000|76006800020132014
760082000|20082009|-1.0000|76008200020082009
760082000|20092010|-1.0000|76008200020092010
760082000|20102011|-1.0000|76008200020102011
760082000|20112012|-1.0000|76008200020112012
760082000|20122013|-1.0000|76008200020122013
760082000|20132014|-1.0000|76008200020132014
770001000|20082009|0.0051|77000100020082009
770001000|20092010|0.0080|77000100020092010
770001000|20102011|0.0080|77000100020102011
770001000|20112012|0.0087|77000100020112012
770001000|20122013|0.0062|77000100020122013
770001000|20132014|0.0084|77000100020132014
770027000|20082009|0.0079|77002700020082009
770027000|20092010|0.0127|77002700020092010
770027000|20102011|0.0077|77002700020102011
770027000|20112012|0.0055|77002700020112012
770027000|20122013|0.0029|77002700020122013
770027000|20132014|0.0024|77002700020132014
770037000|20082009|-1.0000|77003700020082009
770037000|20092010|-1.0000|77003700020092010
770037000|20102011|-1.0000|77003700020102011
770037000|20112012|-1.0000|77003700020112012
770037000|20122013|-1.0000|77003700020122013
770037000|20132014|-1.0000|77003700020132014
770046000|20082009|-1.0000|77004600020082009
770046000|20092010|-1.0000|77004600020092010
770046000|20102011|-1.0000|77004600020102011
770046000|20112012|-1.0000|77004600020112012
770046000|20122013|-1.0000|77004600020122013
770046000|20132014|-1.0000|77004600020132014
780001000|20082009|-1.0000|78000100020082009
780001000|20092010|-1.0000|78000100020092010
780001000|20102011|-1.0000|78000100020102011
780001000|20112012|-1.0000|78000100020112012
780001000|20122013|-1.0000|78000100020122013
780001000|20132014|-1.0000|78000100020132014
780009000|20082009|-1.0000|78000900020082009
780009000|20092010|-1.0000|78000900020092010
780009000|20102011|-1.0000|78000900020102011
780009000|20112012|-1.0000|78000900020112012
780009000|20122013|-1.0000|78000900020122013
780009000|20132014|-1.0000|78000900020132014
780039000|20082009|-1.0000|78003900020082009
780039000|20092010|-1.0000|78003900020092010
780039000|20102011|-1.0000|78003900020102011
780039000|20112012|-1.0000|78003900020112012
780039000|20122013|-1.0000|78003900020122013
780039000|20132014|-1.0000|78003900020132014
780072000|20082009|-1.0000|78007200020082009
780072000|20092010|-1.0000|78007200020092010
780072000|20102011|-1.0000|78007200020102011
780072000|20112012|-1.0000|78007200020112012
780072000|20122013|-1.0000|78007200020122013
780072000|20132014|-1.0000|78007200020132014
780104000|20082009|-1.0000|78010400020082009
780104000|20092010|-1.0000|78010400020092010
780107000|20082009|-1.0000|78010700020082009
780107000|20092010|-1.0000|78010700020092010
780107000|20102011|-1.0000|78010700020102011
780107000|20112012|-1.0000|78010700020112012
780107000|20122013|-1.0000|78010700020122013
780107000|20132014|-1.0000|78010700020132014
790002000|20082009|-1.0000|79000200020082009
790002000|20092010|-1.0000|79000200020092010
790002000|20102011|-1.0000|79000200020102011
790002000|20112012|-1.0000|79000200020112012
790002000|20122013|-1.0000|79000200020122013
790002000|20132014|-1.0000|79000200020132014
790011000|20082009|-1.0000|79001100020082009
790011000|20092010|-1.0000|79001100020092010
790011000|20102011|-1.0000|79001100020102011
790011000|20112012|-1.0000|79001100020112012
790011000|20122013|-1.0000|79001100020122013
790011000|20132014|-1.0000|79001100020132014
790016000|20082009|0.0222|79001600020082009
790016000|20092010|0.0104|79001600020092010
790016000|20102011|-1.0000|79001600020102011
790016000|20112012|-1.0000|79001600020112012
790016000|20122013|-1.0000|79001600020122013
790016000|20132014|0.0114|79001600020132014
790031000|20082009|-1.0000|79003100020082009
790031000|20092010|-1.0000|79003100020092010
790031000|20102011|-1.0000|79003100020102011
790031000|20112012|-1.0000|79003100020112012
790031000|20122013|-1.0000|79003100020122013
790031000|20132014|-1.0000|79003100020132014
790032000|20082009|0.0211|79003200020082009
790032000|20092010|0.0538|79003200020092010
790032000|20102011|0.0252|79003200020102011
790032000|20112012|0.0261|79003200020112012
790032000|20122013|0.0117|79003200020122013
790032000|20132014|0.0164|79003200020132014
800005000|20082009|-1.0000|80000500020082009
800005000|20092010|-1.0000|80000500020092010
800005000|20102011|-1.0000|80000500020102011
800005000|20112012|-1.0000|80000500020112012
800005000|20122013|-1.0000|80000500020122013
800005000|20132014|-1.0000|80000500020132014
800009000|20082009|-1.0000|80000900020082009
800009000|20092010|-1.0000|80000900020092010
800009000|20102011|-1.0000|80000900020102011
800009000|20112012|-1.0000|80000900020112012
800009000|20122013|-1.0000|80000900020122013
800009000|20132014|-1.0000|80000900020132014
800567000|20082009|-1.0000|80056700020082009
800567000|20092010|-1.0000|80056700020092010
800567000|20102011|-1.0000|80056700020102011
800567000|20112012|-1.0000|80056700020112012
800567000|20122013|-1.0000|80056700020122013
800567000|20132014|-1.0000|80056700020132014
810003000|20082009|-1.0000|81000300020082009
810003000|20092010|-1.0000|81000300020092010
810003000|20102011|-1.0000|81000300020102011
810003000|20112012|-1.0000|81000300020112012
810003000|20122013|-1.0000|81000300020122013
810003000|20132014|-1.0000|81000300020132014
810010000|20082009|-1.0000|81001000020082009
810010000|20092010|-1.0000|81001000020092010
810010000|20102011|-1.0000|81001000020102011
810010000|20112012|-1.0000|81001000020112012
810010000|20122013|-1.0000|81001000020122013
810010000|20132014|-1.0000|81001000020132014
820001000|20082009|-1.0000|82000100020082009
820001000|20092010|-1.0000|82000100020092010
820001000|20102011|-1.0000|82000100020102011
820001000|20112012|-1.0000|82000100020112012
820001000|20122013|-1.0000|82000100020122013
820001000|20132014|-1.0000|82000100020132014
820015000|20082009|-1.0000|82001500020082009
820015000|20092010|-1.0000|82001500020092010
820015000|20102011|-1.0000|82001500020102011
820015000|20112012|-1.0000|82001500020112012
820015000|20122013|-1.0000|82001500020122013
820015000|20132014|-1.0000|82001500020132014
830500000|20082009|-1.0000|83050000020082009
830500000|20092010|-1.0000|83050000020092010
830500000|20102011|-1.0000|83050000020102011
830500000|20112012|-1.0000|83050000020112012
830500000|20122013|-1.0000|83050000020122013
830500000|20132014|-1.0000|83050000020132014
840003000|20082009|-1.0000|84000300020082009
840003000|20092010|-1.0000|84000300020092010
840003000|20102011|-1.0000|84000300020102011
840003000|20112012|-1.0000|84000300020112012
840003000|20122013|-1.0000|84000300020122013
840003000|20132014|-1.0000|84000300020132014
850060000|20082009|-1.0000|85006000020082009
850060000|20092010|-1.0000|85006000020092010
850060000|20102011|-1.0000|85006000020102011
850060000|20112012|-1.0000|85006000020112012
850060000|20122013|-1.0000|85006000020122013
850060000|20132014|-1.0000|85006000020132014
850070000|20082009|-1.0000|85007000020082009
850070000|20092010|-1.0000|85007000020092010
850070000|20102011|-1.0000|85007000020102011
850070000|20112012|-1.0000|85007000020112012
850070000|20122013|-1.0000|85007000020122013
850070000|20132014|-1.0000|85007000020132014
852001000|20082009|-1.0000|85200100020082009
852001000|20092010|-1.0000|85200100020092010
852001000|20102011|-1.0000|85200100020102011
852001000|20112012|-1.0000|85200100020112012
852001000|20122013|-1.0000|85200100020122013
852001000|20132014|-1.0000|85200100020132014
860001000|20082009|-1.0000|86000100020082009
860001000|20092010|-1.0000|86000100020092010
860001000|20102011|-1.0000|86000100020102011
860001000|20112012|-1.0000|86000100020112012
860001000|20122013|-1.0000|86000100020122013
860001000|20132014|-1.0000|86000100020132014
870001000|20082009|-1.0000|87000100020082009
870001000|20092010|-1.0000|87000100020092010
870001000|20102011|-1.0000|87000100020102011
870001000|20112012|-1.0000|87000100020112012
870001000|20122013|-1.0000|87000100020122013
870001000|20132014|-1.0000|87000100020132014
870013000|20082009|-1.0000|87001300020082009
870013000|20092010|-1.0000|87001300020092010
870013000|20102011|-1.0000|87001300020102011
870013000|20112012|-1.0000|87001300020112012
870013000|20122013|-1.0000|87001300020122013
870013000|20132014|-1.0000|87001300020132014
870016000|20082009|-1.0000|87001600020082009
870016000|20092010|0.1628|87001600020092010
870016000|20102011|0.1095|87001600020102011
870016000|20112012|0.1348|87001600020112012
870016000|20122013|0.1029|87001600020122013
870016000|20132014|-1.0000|87001600020132014
870017000|20082009|-1.0000|87001700020082009
870017000|20092010|0.0541|87001700020092010
870017000|20102011|-1.0000|87001700020102011
870017000|20112012|0.0457|87001700020112012
870017000|20122013|-1.0000|87001700020122013
870017000|20132014|-1.0000|87001700020132014
880005000|20082009|-1.0000|88000500020082009
880005000|20092010|-1.0000|88000500020092010
880005000|20102011|-1.0000|88000500020102011
880005000|20112012|-1.0000|88000500020112012
880005000|20122013|-1.0000|88000500020122013
880005000|20132014|-1.0000|88000500020132014
880021000|20082009|-1.0000|88002100020082009
880021000|20092010|-1.0000|88002100020092010
880021000|20102011|-1.0000|88002100020102011
880021000|20112012|-1.0000|88002100020112012
880021000|20122013|-1.0000|88002100020122013
880021000|20132014|-1.0000|88002100020132014
890001000|20082009|-1.0000|89000100020082009
890001000|20092010|-1.0000|89000100020092010
890001000|20102011|-1.0000|89000100020102011
890001000|20112012|-1.0000|89000100020112012
890001000|20122013|-1.0000|89000100020122013
890001000|20132014|-1.0000|89000100020132014
890003000|20082009|-1.0000|89000300020082009
890003000|20092010|-1.0000|89000300020092010
890003000|20102011|-1.0000|89000300020102011
890003000|20112012|-1.0000|89000300020112012
890003000|20122013|-1.0000|89000300020122013
890003000|20132014|-1.0000|89000300020132014
890024000|20082009|-1.0000|89002400020082009
890024000|20092010|-1.0000|89002400020092010
890024000|20102011|-1.0000|89002400020102011
890024000|20112012|-1.0000|89002400020112012
890024000|20122013|-1.0000|89002400020122013
890024000|20132014|-1.0000|89002400020132014
900017000|20082009|-1.0000|90001700020082009
900017000|20092010|-1.0000|90001700020092010
900017000|20102011|-1.0000|90001700020102011
900017000|20112012|-1.0000|90001700020112012
900017000|20122013|-1.0000|90001700020122013
900017000|20132014|-1.0000|90001700020132014
900560000|20082009|-1.0000|90056000020082009
900560000|20092010|-1.0000|90056000020092010
900560000|20102011|-1.0000|90056000020102011
900560000|20112012|-1.0000|90056000020112012
900560000|20122013|-1.0000|90056000020122013
900560000|20132014|-1.0000|90056000020132014
900595000|20082009|-1.0000|90059500020082009
900595000|20092010|-1.0000|90059500020092010
900595000|20102011|-1.0000|90059500020102011
900595000|20112012|-1.0000|90059500020112012
900595000|20122013|-1.0000|90059500020122013
900595000|20132014|-1.0000|90059500020132014
910002000|20082009|-1.0000|91000200020082009
910002000|20092010|-1.0000|91000200020092010
910002000|20102011|-1.0000|91000200020102011
910002000|20112012|-1.0000|91000200020112012
910002000|20122013|-1.0000|91000200020122013
910002000|20132014|-1.0000|91000200020132014
910074000|20082009|-1.0000|91007400020082009
910074000|20092010|-1.0000|91007400020092010
910074000|20102011|-1.0000|91007400020102011
910074000|20112012|-1.0000|91007400020112012
910074000|20122013|-1.0000|91007400020122013
910074000|20132014|-1.0000|91007400020132014
920045000|20082009|-1.0000|92004500020082009
920045000|20092010|-1.0000|92004500020092010
920045000|20102011|-1.0000|92004500020102011
920045000|20112012|-1.0000|92004500020112012
920045000|20122013|-1.0000|92004500020122013
920045000|20132014|-1.0000|92004500020132014
930012000|20082009|-1.0000|93001200020082009
930012000|20092010|-1.0000|93001200020092010
930012000|20102011|-1.0000|93001200020102011
930012000|20112012|-1.0000|93001200020112012
930012000|20122013|-1.0000|93001200020122013
930012000|20132014|-1.0000|93001200020132014
930083000|20082009|-1.0000|93008300020082009
930083000|20092010|-1.0000|93008300020092010
930083000|20102011|-1.0000|93008300020102011
930083000|20112012|-1.0000|93008300020112012
930083000|20122013|-1.0000|93008300020122013
930083000|20132014|-1.0000|93008300020132014
930096000|20082009|-1.0000|93009600020082009
930096000|20092010|-1.0000|93009600020092010
930096000|20102011|-1.0000|93009600020102011
930096000|20112012|-1.0000|93009600020112012
930096000|20122013|-1.0000|93009600020122013
930096000|20132014|-1.0000|93009600020132014
