CountyDistrictSchool|School Year|HAL Percentage
010003000|20092010|0.1725
010018000|20092010|0.1175
010090000|20092010|0.2227
010123000|20092010|0.1935
014001000|20092010|-1.0000
020009000|20092010|0.1340
020018000|20092010|0.2550
022001000|20092010|0.1617
030500000|20092010|-1.0000
040001000|20092010|0.0904
050071000|20092010|0.1008
060001000|20092010|0.1004
060006000|20092010|0.1603
060017000|20092010|-1.0000
070006000|20092010|0.0722
070010000|20092010|0.1253
080036000|20092010|0.3238
080050000|20092010|0.2043
090010000|20092010|0.1165
100002000|20092010|0.0496
100007000|20092010|0.1529
100009000|20092010|0.1143
100019000|20092010|0.0776
100069000|20092010|0.1281
100105000|20092010|0.3000
100119000|20092010|0.0830
100600000|20092010|-1.0000
104002000|20092010|-1.0000
110001000|20092010|0.1652
110014000|20092010|0.2928
110020000|20092010|0.1627
120032000|20092010|-1.0000
120056000|20092010|0.0624
120502000|20092010|0.2088
130001000|20092010|0.0528
130022000|20092010|0.0523
130032000|20092010|0.1302
130056000|20092010|0.1298
130097000|20092010|0.1980
140008000|20092010|-1.0000
140045000|20092010|0.0880
140054000|20092010|0.0737
140101000|20092010|0.1234
140541000|20092010|0.1500
150010000|20092010|0.2044
150536000|20092010|0.0968
160006000|20092010|0.0640
160030000|20092010|0.1786
170001000|20092010|0.1434
170003000|20092010|-1.0000
170009000|20092010|0.3246
180002000|20092010|0.1037
180011000|20092010|0.1566
180070000|20092010|-1.0000
190039000|20092010|-1.0000
190058000|20092010|-1.0000
190059000|20092010|0.2500
190123000|20092010|0.0504
200001000|20092010|0.0944
200020000|20092010|0.1158
200030000|20092010|0.1473
210015000|20092010|0.1244
210025000|20092010|0.0994
210044000|20092010|0.1307
210084000|20092010|0.1617
210089000|20092010|0.1382
210180000|20092010|-1.0000
220011000|20092010|0.3518
220031000|20092010|0.2474
224005000|20092010|-1.0000
230002000|20092010|0.1145
230071000|20092010|0.1667
230601000|20092010|-1.0000
240001000|20092010|0.0695
240004000|20092010|0.0746
240011000|20092010|0.0996
240020000|20092010|0.0988
240101000|20092010|0.1486
250025000|20092010|0.0810
250095000|20092010|0.0779
260001000|20092010|-1.0000
260024000|20092010|0.1128
260070000|20092010|0.0444
260561000|20092010|0.1329
270001000|20092010|0.0704
270046000|20092010|0.1824
270062000|20092010|0.1157
270594000|20092010|0.0214
270595000|20092010|0.1896
280001000|20092010|0.0918
280010000|20092010|0.1059
280015000|20092010|0.0861
280017000|20092010|0.2457
280054000|20092010|0.1506
280059000|20092010|0.0948
280066000|20092010|0.0868
280602000|20092010|-1.0000
284004000|20092010|-1.0000
284005000|20092010|-1.0000
284007000|20092010|-1.0000
284008000|20092010|-1.0000
284011000|20092010|-1.0000
284015000|20092010|-1.0000
284020000|20092010|-1.0000
290117000|20092010|0.1410
300001000|20092010|0.1610
300025000|20092010|0.1109
300054000|20092010|0.1129
300600000|20092010|-1.0000
310506000|20092010|0.0859
320046000|20092010|0.3147
320095000|20092010|0.0859
320125000|20092010|0.1188
330018000|20092010|0.1184
330021000|20092010|0.0576
330540000|20092010|0.0895
340001000|20092010|-1.0000
340015000|20092010|0.0754
340034000|20092010|0.1392
340100000|20092010|0.1488
350001000|20092010|0.1400
360100000|20092010|0.2178
370030000|20092010|0.1694
380011000|20092010|0.1707
390010000|20092010|-1.0000
390055000|20092010|0.2283
390501000|20092010|-1.0000
400002000|20092010|0.0833
400082000|20092010|0.1501
400083000|20092010|0.0360
400126000|20092010|0.0272
410002000|20092010|0.1295
410091000|20092010|0.0610
410504000|20092010|0.0901
420002000|20092010|0.1818
430079000|20092010|0.1786
440070000|20092010|0.0736
450007000|20092010|0.1667
450029000|20092010|0.1901
450044000|20092010|-1.0000
450137000|20092010|-1.0000
450239000|20092010|-1.0000
460001000|20092010|0.1649
470001000|20092010|0.1180
470100000|20092010|0.0370
470103000|20092010|-1.0000
480008000|20092010|0.0720
480300000|20092010|0.1785
480303000|20092010|0.1657
490033000|20092010|0.1767
490050000|20092010|0.1006
500001000|20092010|0.1826
500501000|20092010|0.0938
500503000|20092010|0.1926
510001000|20092010|0.1170
510006000|20092010|0.0957
520100000|20092010|-1.0000
530001000|20092010|-1.0000
540013000|20092010|0.0877
540096000|20092010|-1.0000
540501000|20092010|0.1379
540505000|20092010|0.1908
540576000|20092010|0.2899
540586000|20092010|0.2167
550001000|20092010|0.2156
550145000|20092010|0.0667
550148000|20092010|0.0758
550160000|20092010|0.1659
550161000|20092010|0.1250
550605000|20092010|-1.0000
554001000|20092010|-1.0000
554002000|20092010|-1.0000
554003000|20092010|-1.0000
554004000|20092010|-1.0000
560001000|20092010|0.0708
560006000|20092010|0.1232
560007000|20092010|0.1586
560037000|20092010|0.1115
560055000|20092010|0.0914
560565000|20092010|0.2366
570501000|20092010|0.0920
580025000|20092010|0.1078
590001000|20092010|-1.0000
590002000|20092010|0.2219
590005000|20092010|0.1496
590013000|20092010|-1.0000
590080000|20092010|0.0745
594001000|20092010|-1.0000
594003000|20092010|-1.0000
600090000|20092010|-1.0000
610004000|20092010|0.1192
610049000|20092010|0.1920
620021000|20092010|-1.0000
620063000|20092010|0.0931
630001000|20092010|0.1307
630030000|20092010|0.0682
640023000|20092010|0.1216
640029000|20092010|0.1030
650011000|20092010|0.1452
652005000|20092010|0.0568
660027000|20092010|0.3116
660111000|20092010|0.0859
660501000|20092010|0.2433
670001000|20092010|0.0453
670069000|20092010|0.1250
680020000|20092010|-1.0000
690044000|20092010|0.1305
690054000|20092010|0.2980
690055000|20092010|0.1061
700002000|20092010|0.1687
700005000|20092010|0.2245
700542000|20092010|0.2593
710001000|20092010|0.1574
710005000|20092010|-1.0000
710067000|20092010|0.1020
720015000|20092010|0.1784
720019000|20092010|0.2517
720032000|20092010|0.0988
720075000|20092010|0.2016
730017000|20092010|-1.0000
730179000|20092010|-1.0000
740056000|20092010|0.0819
740070000|20092010|0.1206
750100000|20092010|0.2356
760002000|20092010|0.1368
760044000|20092010|0.2029
760068000|20092010|0.1185
760082000|20092010|0.1442
770001000|20092010|0.1463
770027000|20092010|0.1020
770037000|20092010|0.0928
770046000|20092010|0.2085
774002000|20092010|-1.0000
780001000|20092010|0.1772
780009000|20092010|0.0264
780039000|20092010|0.1333
780072000|20092010|-1.0000
780104000|20092010|0.1802
780107000|20092010|0.1802
790002000|20092010|0.0885
790011000|20092010|0.0972
790016000|20092010|0.0994
790031000|20092010|0.0399
790032000|20092010|0.0512
794001000|20092010|-1.0000
800005000|20092010|0.0458
800009000|20092010|0.0816
800567000|20092010|0.1630
810003000|20092010|0.1358
810010000|20092010|0.0598
820001000|20092010|0.3011
820015000|20092010|0.1346
830500000|20092010|0.1573
840003000|20092010|0.9848
850060000|20092010|0.3200
850070000|20092010|0.0346
852001000|20092010|0.1029
860001000|20092010|0.2022
870001000|20092010|0.3038
870013000|20092010|0.2880
870016000|20092010|-1.0000
870017000|20092010|0.0586
880005000|20092010|0.0516
880021000|20092010|0.2331
890001000|20092010|0.0352
890003000|20092010|0.0896
890024000|20092010|0.1023
900017000|20092010|0.0506
900560000|20092010|0.0995
900595000|20092010|0.2980
910002000|20092010|0.1697
910074000|20092010|-1.0000
920045000|20092010|0.1478
930012000|20092010|0.0775
930083000|20092010|0.0898
930096000|20092010|0.1165
934001000|20092010|-1.0000
000000000|20092010|0.1311
010003000|20102011|0.1434
010018000|20102011|0.1203
010090000|20102011|0.2417
010123000|20102011|0.1905
014001000|20102011|-1.0000
020009000|20102011|0.1821
020018000|20102011|0.2903
022001000|20102011|0.1490
030500000|20102011|0.0943
040001000|20102011|0.1404
050071000|20102011|0.1416
060001000|20102011|0.0951
060006000|20102011|0.1603
060017000|20102011|0.1053
070006000|20102011|0.1636
070010000|20102011|0.1164
080036000|20102011|0.2800
080050000|20102011|0.2037
090010000|20102011|0.1534
100002000|20102011|0.0647
100007000|20102011|0.1426
100009000|20102011|0.1173
100019000|20102011|0.1783
100069000|20102011|0.1346
100105000|20102011|0.3112
100119000|20102011|0.0695
100600000|20102011|-1.0000
110001000|20102011|0.1411
110014000|20102011|0.6348
110020000|20102011|0.0699
120032000|20102011|-1.0000
120056000|20102011|0.0565
120502000|20102011|0.2076
130001000|20102011|0.1162
130022000|20102011|0.0442
130032000|20102011|0.1061
130056000|20102011|0.1414
130097000|20102011|0.1970
140008000|20102011|0.0933
140045000|20102011|0.1423
140054000|20102011|0.0669
140101000|20102011|0.1164
140541000|20102011|-1.0000
150010000|20102011|0.1886
150536000|20102011|0.1128
160006000|20102011|0.0556
160030000|20102011|0.1504
170001000|20102011|0.1116
170003000|20102011|-1.0000
170009000|20102011|0.3061
180002000|20102011|0.1288
180011000|20102011|0.1418
190039000|20102011|0.2886
190058000|20102011|0.1941
190059000|20102011|0.3000
190123000|20102011|0.0688
200001000|20102011|0.0911
200020000|20102011|0.0981
200030000|20102011|0.1631
210015000|20102011|0.1159
210025000|20102011|0.1317
210044000|20102011|0.1790
210084000|20102011|0.1607
210089000|20102011|0.1538
210180000|20102011|-1.0000
220011000|20102011|0.0264
220031000|20102011|0.1794
224005000|20102011|-1.0000
230002000|20102011|0.2625
230071000|20102011|0.1416
230601000|20102011|-1.0000
240001000|20102011|0.1084
240004000|20102011|0.0678
240011000|20102011|0.1059
240020000|20102011|0.1169
240101000|20102011|0.1135
250025000|20102011|0.0775
250095000|20102011|0.0706
260001000|20102011|-1.0000
260024000|20102011|0.1119
260070000|20102011|0.1266
260561000|20102011|0.1971
270001000|20102011|0.1053
270046000|20102011|0.1449
270062000|20102011|0.1239
270594000|20102011|0.0674
270595000|20102011|1.0532
280001000|20102011|0.1500
280010000|20102011|0.1360
280015000|20102011|0.1319
280017000|20102011|0.2730
280054000|20102011|0.1474
280059000|20102011|0.1578
280066000|20102011|0.1032
280602000|20102011|-1.0000
284004000|20102011|-1.0000
284005000|20102011|-1.0000
284007000|20102011|-1.0000
284008000|20102011|-1.0000
284011000|20102011|-1.0000
284015000|20102011|-1.0000
284020000|20102011|-1.0000
290117000|20102011|0.1247
300001000|20102011|0.1898
300025000|20102011|0.1061
300054000|20102011|0.0991
300600000|20102011|-1.0000
310506000|20102011|0.0806
320046000|20102011|0.2819
320095000|20102011|0.0878
320125000|20102011|0.1714
330018000|20102011|0.1340
330021000|20102011|0.0394
330540000|20102011|0.0811
340001000|20102011|-1.0000
340015000|20102011|0.0804
340034000|20102011|0.1163
340100000|20102011|0.1570
350001000|20102011|0.1208
360100000|20102011|0.1886
370030000|20102011|0.1429
380011000|20102011|0.1231
390010000|20102011|0.1280
390055000|20102011|0.3297
390501000|20102011|1.0375
400002000|20102011|0.0844
400082000|20102011|0.1577
400083000|20102011|0.0360
400126000|20102011|0.0442
410002000|20102011|0.1858
410091000|20102011|0.1188
410504000|20102011|0.1266
420002000|20102011|0.1791
430079000|20102011|0.1544
440070000|20102011|0.0659
450007000|20102011|0.1477
450029000|20102011|0.1513
450044000|20102011|-1.0000
450137000|20102011|-1.0000
450239000|20102011|-1.0000
460001000|20102011|0.1144
470001000|20102011|0.1185
470100000|20102011|0.0471
470103000|20102011|-1.0000
480008000|20102011|0.0979
480300000|20102011|0.1553
480303000|20102011|0.1628
490033000|20102011|0.2233
490050000|20102011|0.0944
500001000|20102011|0.2126
500501000|20102011|0.0803
500503000|20102011|0.1873
510001000|20102011|0.1121
510006000|20102011|0.0995
520100000|20102011|0.1287
530001000|20102011|0.0573
540013000|20102011|0.0809
540096000|20102011|0.0412
540501000|20102011|0.1863
540505000|20102011|-1.0000
540576000|20102011|0.1508
540586000|20102011|0.1901
550001000|20102011|0.1840
550145000|20102011|0.0575
550148000|20102011|0.0665
550160000|20102011|0.1937
550161000|20102011|0.1934
550605000|20102011|-1.0000
554001000|20102011|-1.0000
554002000|20102011|-1.0000
554003000|20102011|-1.0000
560001000|20102011|0.0842
560006000|20102011|0.1139
560007000|20102011|0.1496
560037000|20102011|0.0980
560055000|20102011|0.0845
560565000|20102011|0.2270
570501000|20102011|0.1198
580025000|20102011|-1.0000
590001000|20102011|0.0563
590002000|20102011|0.2265
590005000|20102011|0.1859
590013000|20102011|-1.0000
590080000|20102011|-1.0000
594001000|20102011|-1.0000
594003000|20102011|-1.0000
600090000|20102011|0.2301
610004000|20102011|0.0762
610049000|20102011|0.2336
620021000|20102011|-1.0000
620063000|20102011|0.0982
630001000|20102011|0.1846
630030000|20102011|0.0825
640023000|20102011|0.0975
640029000|20102011|0.1185
650011000|20102011|0.1338
652005000|20102011|0.1509
660027000|20102011|0.2892
660111000|20102011|0.0877
660501000|20102011|0.2609
670001000|20102011|0.0404
670069000|20102011|0.1117
680020000|20102011|0.0412
690044000|20102011|0.1513
690054000|20102011|0.2851
690055000|20102011|0.1343
700002000|20102011|0.1357
700005000|20102011|0.3012
700542000|20102011|0.2469
710001000|20102011|0.1555
710005000|20102011|0.0265
710067000|20102011|0.0854
720015000|20102011|0.1857
720019000|20102011|0.3846
720032000|20102011|0.1492
720075000|20102011|-1.0000
730017000|20102011|0.1388
730179000|20102011|-1.0000
740056000|20102011|0.0790
740070000|20102011|0.1531
750100000|20102011|0.2234
760002000|20102011|0.1443
760044000|20102011|0.2132
760068000|20102011|0.1119
760082000|20102011|0.1227
770001000|20102011|0.1771
770027000|20102011|0.1197
770037000|20102011|0.1111
770046000|20102011|0.1631
774002000|20102011|-1.0000
780001000|20102011|0.1798
780009000|20102011|0.0831
780039000|20102011|0.1232
780072000|20102011|0.1564
780107000|20102011|0.1938
790002000|20102011|0.0682
790011000|20102011|0.0687
790016000|20102011|0.1067
790031000|20102011|0.0443
790032000|20102011|0.0521
794001000|20102011|-1.0000
800005000|20102011|0.0714
800009000|20102011|0.0825
800567000|20102011|0.1617
810003000|20102011|0.2385
810010000|20102011|0.2146
820001000|20102011|0.0664
820015000|20102011|-1.0000
830500000|20102011|0.2283
840003000|20102011|0.0651
850060000|20102011|0.3137
850070000|20102011|0.1353
852001000|20102011|0.1862
860001000|20102011|0.1765
870001000|20102011|0.2533
870013000|20102011|0.3579
870016000|20102011|-1.0000
870017000|20102011|0.0630
880005000|20102011|0.0819
880021000|20102011|0.4609
890001000|20102011|0.0392
890003000|20102011|0.1477
890024000|20102011|0.1076
900017000|20102011|0.1031
900560000|20102011|0.1368
900595000|20102011|0.2783
910002000|20102011|0.2895
910074000|20102011|-1.0000
920045000|20102011|0.1346
930012000|20102011|0.1448
930083000|20102011|0.1514
930096000|20102011|0.1294
934001000|20102011|-1.0000
000000000|20102011|0.1433
010003000|20112012|0.2348
010018000|20112012|0.1057
010090000|20112012|0.1993
010123000|20112012|0.1737
014001000|20112012|-1.0000
020009000|20112012|0.3386
020018000|20112012|0.2680
022001000|20112012|0.1404
030500000|20112012|0.0952
040001000|20112012|0.1329
050071000|20112012|0.1140
060001000|20112012|0.0619
060006000|20112012|0.2034
060017000|20112012|0.1970
070006000|20112012|0.1946
070010000|20112012|0.1132
080036000|20112012|0.3656
080050000|20112012|0.2009
090010000|20112012|0.1649
100002000|20112012|0.0578
100007000|20112012|0.1333
100009000|20112012|0.1043
100019000|20112012|0.1414
100069000|20112012|0.1206
100105000|20112012|0.2661
100119000|20112012|0.0606
100600000|20112012|-1.0000
110001000|20112012|0.1257
110014000|20112012|0.6341
110020000|20112012|0.0583
120056000|20112012|0.0643
120502000|20112012|0.1121
130001000|20112012|0.1172
130022000|20112012|0.0706
130032000|20112012|0.1304
130056000|20112012|0.1246
130097000|20112012|0.2356
140008000|20112012|-1.0000
140045000|20112012|0.1103
140054000|20112012|0.1104
140101000|20112012|0.0915
140541000|20112012|-1.0000
150010000|20112012|0.1625
150536000|20112012|0.1290
160006000|20112012|0.0474
160030000|20112012|0.1221
170001000|20112012|0.1935
170003000|20112012|-1.0000
170009000|20112012|0.2974
180002000|20112012|0.2328
180011000|20112012|0.2172
190039000|20112012|0.2037
190058000|20112012|0.2346
190123000|20112012|0.0739
192001000|20112012|0.2951
200001000|20112012|0.0941
200020000|20112012|0.1170
200030000|20112012|0.1549
210015000|20112012|0.0891
210025000|20112012|0.1179
210044000|20112012|0.2564
210084000|20112012|0.1356
210089000|20112012|0.1545
210180000|20112012|-1.0000
220011000|20112012|0.0504
220031000|20112012|0.3542
224005000|20112012|-1.0000
230002000|20112012|0.0680
230071000|20112012|0.0938
230601000|20112012|-1.0000
240001000|20112012|0.1016
240004000|20112012|0.0600
240011000|20112012|0.0916
240020000|20112012|0.1232
240101000|20112012|0.1228
250025000|20112012|0.1116
250095000|20112012|-1.0000
260001000|20112012|-1.0000
260024000|20112012|0.1250
260070000|20112012|0.1111
260561000|20112012|0.1571
270001000|20112012|0.1300
270062000|20112012|0.1408
270594000|20112012|0.0499
270595000|20112012|0.1613
280001000|20112012|0.1480
280010000|20112012|0.1328
280015000|20112012|0.0951
280017000|20112012|0.2962
280054000|20112012|0.1318
280059000|20112012|0.1517
280066000|20112012|0.1065
280602000|20112012|-1.0000
284004000|20112012|-1.0000
284005000|20112012|-1.0000
284007000|20112012|-1.0000
284008000|20112012|-1.0000
284011000|20112012|-1.0000
284015000|20112012|-1.0000
284020000|20112012|-1.0000
290117000|20112012|0.1033
300001000|20112012|0.1692
300025000|20112012|0.1109
300054000|20112012|-1.0000
300600000|20112012|-1.0000
310506000|20112012|0.1056
320046000|20112012|0.2270
320095000|20112012|0.0957
320125000|20112012|0.1442
330018000|20112012|0.1367
330021000|20112012|0.0594
330540000|20112012|0.0686
340001000|20112012|1.0570
340015000|20112012|0.0780
340034000|20112012|0.1035
340100000|20112012|0.1475
350001000|20112012|0.1266
360100000|20112012|0.1948
370030000|20112012|0.1423
380011000|20112012|0.1085
390010000|20112012|0.1543
390055000|20112012|0.2778
390501000|20112012|1.0748
400002000|20112012|0.0723
400082000|20112012|0.1523
400083000|20112012|0.0326
400126000|20112012|0.0648
410002000|20112012|0.1620
410091000|20112012|0.0988
410504000|20112012|0.1155
420002000|20112012|0.1840
430079000|20112012|0.1095
440070000|20112012|0.1111
450007000|20112012|0.1558
450029000|20112012|0.2185
450044000|20112012|-1.0000
450137000|20112012|0.0993
450239000|20112012|-1.0000
460001000|20112012|0.1848
470001000|20112012|0.1225
470100000|20112012|0.0338
470103000|20112012|-1.0000
480008000|20112012|0.0936
480300000|20112012|0.1912
480303000|20112012|0.1768
490033000|20112012|0.2153
490050000|20112012|0.0798
500001000|20112012|0.2039
500501000|20112012|0.0882
500503000|20112012|0.1732
510001000|20112012|0.1304
510006000|20112012|0.0917
520100000|20112012|0.1373
530001000|20112012|0.0732
540013000|20112012|0.0448
540096000|20112012|0.0833
540501000|20112012|0.2284
540505000|20112012|0.0855
540576000|20112012|0.0872
540586000|20112012|0.1513
550001000|20112012|0.1470
550145000|20112012|0.0431
550148000|20112012|0.0526
550160000|20112012|0.2177
550161000|20112012|0.1824
550605000|20112012|-1.0000
554001000|20112012|-1.0000
554002000|20112012|-1.0000
554003000|20112012|-1.0000
560001000|20112012|0.0990
560006000|20112012|0.0688
560007000|20112012|0.1346
560037000|20112012|0.0870
560055000|20112012|0.1592
560565000|20112012|0.2324
570501000|20112012|0.1040
580025000|20112012|-1.0000
590001000|20112012|0.0921
590002000|20112012|0.1703
590005000|20112012|0.1346
590013000|20112012|-1.0000
590080000|20112012|0.0609
594001000|20112012|-1.0000
594003000|20112012|-1.0000
600090000|20112012|0.2897
610004000|20112012|0.0829
610049000|20112012|0.2194
620021000|20112012|-1.0000
620063000|20112012|0.0952
630001000|20112012|0.1803
630030000|20112012|0.0998
640023000|20112012|0.0586
640029000|20112012|0.1127
650011000|20112012|0.2606
652005000|20112012|0.0842
660027000|20112012|0.2748
660111000|20112012|0.0839
660501000|20112012|0.2440
670001000|20112012|0.0644
670069000|20112012|0.0988
680020000|20112012|0.0361
690044000|20112012|0.1569
690054000|20112012|0.1855
690055000|20112012|0.1237
700002000|20112012|0.0350
700005000|20112012|0.2991
700542000|20112012|0.1273
710001000|20112012|0.1390
710005000|20112012|0.1233
710067000|20112012|0.0823
720015000|20112012|0.2082
720019000|20112012|0.3382
720032000|20112012|0.0968
720075000|20112012|0.2061
730017000|20112012|0.1344
730179000|20112012|-1.0000
740056000|20112012|0.1136
740070000|20112012|0.1726
750100000|20112012|0.2615
760002000|20112012|0.1562
760044000|20112012|0.2123
760068000|20112012|0.0909
760082000|20112012|0.1193
770001000|20112012|0.1665
770027000|20112012|0.1137
770037000|20112012|0.1176
770046000|20112012|0.1338
774002000|20112012|-1.0000
780001000|20112012|0.1892
780009000|20112012|0.0776
780039000|20112012|0.1056
780072000|20112012|0.1154
780107000|20112012|0.1086
790002000|20112012|-1.0000
790011000|20112012|0.0471
790016000|20112012|0.1055
790031000|20112012|0.0553
790032000|20112012|0.0425
794001000|20112012|-1.0000
800005000|20112012|0.0868
800009000|20112012|0.0751
800567000|20112012|0.1602
810003000|20112012|0.2171
810010000|20112012|0.2003
820001000|20112012|0.0984
820015000|20112012|-1.0000
830500000|20112012|0.2414
840003000|20112012|0.1273
850060000|20112012|0.3881
850070000|20112012|0.1299
852001000|20112012|0.1316
860001000|20112012|0.2157
870001000|20112012|0.2219
870013000|20112012|0.3310
870016000|20112012|-1.0000
870017000|20112012|0.0545
880005000|20112012|0.0650
880021000|20112012|0.3089
890001000|20112012|0.0477
890003000|20112012|0.1352
890024000|20112012|0.1042
900017000|20112012|0.0833
900560000|20112012|0.1213
900595000|20112012|0.4198
910002000|20112012|0.2348
910074000|20112012|-1.0000
920045000|20112012|0.1224
930012000|20112012|0.1260
930083000|20112012|0.1687
930096000|20112012|0.1477
934001000|20112012|-1.0000
000000000|20112012|0.1387
010003000|20122013|0.1779
010018000|20122013|0.1007
010090000|20122013|0.2037
010123000|20122013|0.1905
020009000|20122013|0.4103
020018000|20122013|0.2335
022001000|20122013|0.1311
030500000|20122013|0.1000
040001000|20122013|0.1714
050071000|20122013|-1.0000
060001000|20122013|0.0758
060006000|20122013|0.1875
060017000|20122013|0.1567
070006000|20122013|0.1373
070010000|20122013|0.1303
080036000|20122013|0.2805
080050000|20122013|0.2095
090010000|20122013|0.1638
100002000|20122013|0.0356
100007000|20122013|0.1168
100009000|20122013|0.1282
100019000|20122013|0.1358
100069000|20122013|0.1316
100105000|20122013|0.2115
100119000|20122013|0.0554
110001000|20122013|0.1283
110014000|20122013|0.2660
110020000|20122013|0.0493
120056000|20122013|0.0537
120502000|20122013|0.2281
130001000|20122013|0.1315
130022000|20122013|0.0976
130032000|20122013|0.1456
130056000|20122013|0.1083
130097000|20122013|0.2617
140008000|20122013|0.0680
140045000|20122013|0.1523
140054000|20122013|0.1284
140101000|20122013|0.1074
140541000|20122013|0.1531
150010000|20122013|0.1289
150536000|20122013|0.1629
160006000|20122013|0.0327
160030000|20122013|0.0840
170001000|20122013|0.1679
170003000|20122013|-1.0000
170009000|20122013|0.3264
180002000|20122013|0.2817
180011000|20122013|0.1852
190039000|20122013|-1.0000
190058000|20122013|0.3395
190070000|20122013|0.1521
190123000|20122013|0.0573
200001000|20122013|0.1654
200020000|20122013|0.1603
200030000|20122013|0.1876
210015000|20122013|0.1357
210025000|20122013|0.0964
210044000|20122013|0.2329
210084000|20122013|0.1257
210089000|20122013|0.1746
210180000|20122013|-1.0000
220011000|20122013|0.0506
220031000|20122013|0.3028
230002000|20122013|0.1597
230071000|20122013|0.1500
240001000|20122013|0.0934
240004000|20122013|0.0503
240011000|20122013|0.1134
240020000|20122013|0.1333
240101000|20122013|0.0884
250025000|20122013|0.2381
250095000|20122013|0.0769
260001000|20122013|-1.0000
260024000|20122013|0.1236
260070000|20122013|0.0995
260561000|20122013|0.1532
270001000|20122013|0.1726
270062000|20122013|0.1086
270594000|20122013|0.0535
270595000|20122013|0.1607
280001000|20122013|0.1694
280010000|20122013|0.1633
280015000|20122013|0.2607
280017000|20122013|0.3169
280054000|20122013|0.1572
280059000|20122013|0.1818
280066000|20122013|0.1041
290117000|20122013|0.1055
300001000|20122013|0.1510
300025000|20122013|0.1199
300054000|20122013|-1.0000
310506000|20122013|0.1126
320046000|20122013|0.1702
320095000|20122013|0.0938
320125000|20122013|0.2207
330018000|20122013|0.0947
330021000|20122013|0.0500
330540000|20122013|0.0597
340001000|20122013|1.0633
340015000|20122013|0.0921
340034000|20122013|0.1213
340100000|20122013|0.2811
350001000|20122013|0.0955
360100000|20122013|0.2067
370030000|20122013|0.1739
380011000|20122013|-1.0000
390010000|20122013|0.1500
390055000|20122013|0.3333
390501000|20122013|1.1655
400002000|20122013|0.0717
400082000|20122013|0.1573
400083000|20122013|0.0447
400126000|20122013|0.0734
410002000|20122013|0.1462
410091000|20122013|0.1386
410504000|20122013|0.1041
420002000|20122013|0.1697
430079000|20122013|-1.0000
440070000|20122013|0.0781
450007000|20122013|0.1489
450029000|20122013|0.0952
450044000|20122013|-1.0000
450137000|20122013|0.0902
450239000|20122013|-1.0000
460001000|20122013|0.1813
470001000|20122013|0.1091
470100000|20122013|0.0263
470103000|20122013|-1.0000
480008000|20122013|0.0801
480300000|20122013|0.1556
480303000|20122013|0.1781
490033000|20122013|0.1779
490050000|20122013|0.0701
500001000|20122013|0.1782
500501000|20122013|0.0821
500503000|20122013|0.1563
510001000|20122013|0.1590
510006000|20122013|0.1036
520100000|20122013|0.1596
530001000|20122013|0.0778
540013000|20122013|0.0417
540096000|20122013|0.1185
540501000|20122013|0.2455
540505000|20122013|0.2468
540576000|20122013|0.0509
540586000|20122013|0.1942
550001000|20122013|0.1468
550145000|20122013|0.0317
550148000|20122013|0.0557
550160000|20122013|0.2642
550161000|20122013|0.1667
560001000|20122013|0.0835
560006000|20122013|0.1055
560007000|20122013|0.1379
560037000|20122013|0.0873
560055000|20122013|0.1891
560565000|20122013|0.2995
570501000|20122013|-1.0000
580025000|20122013|-1.0000
590001000|20122013|0.0200
590002000|20122013|0.1721
590005000|20122013|0.1290
590013000|20122013|-1.0000
590080000|20122013|0.1130
600090000|20122013|0.2062
610004000|20122013|0.0799
610049000|20122013|0.2009
620021000|20122013|-1.0000
620063000|20122013|0.1004
630001000|20122013|0.2088
630030000|20122013|0.0989
640023000|20122013|0.0468
640029000|20122013|0.0981
650011000|20122013|0.2182
652005000|20122013|0.0277
660027000|20122013|0.2674
660111000|20122013|0.0681
660501000|20122013|0.0465
670001000|20122013|0.0582
670069000|20122013|0.0964
680020000|20122013|0.0432
690044000|20122013|0.1487
690054000|20122013|0.1790
690055000|20122013|0.1170
700002000|20122013|0.0801
700005000|20122013|0.2741
700542000|20122013|0.1953
710001000|20122013|0.1308
710005000|20122013|0.1287
710067000|20122013|0.0560
720015000|20122013|0.2108
720019000|20122013|0.3918
720032000|20122013|0.1144
720075000|20122013|0.1798
730017000|20122013|0.1719
730179000|20122013|-1.0000
740056000|20122013|0.1197
740070000|20122013|0.1212
750100000|20122013|0.2391
760002000|20122013|0.1469
760044000|20122013|0.2308
760068000|20122013|0.0682
760082000|20122013|0.1213
770001000|20122013|0.1387
770027000|20122013|0.1156
770037000|20122013|0.1169
770046000|20122013|0.1732
780001000|20122013|0.2769
780009000|20122013|0.1356
780039000|20122013|0.0932
780072000|20122013|0.0669
780107000|20122013|0.2394
790002000|20122013|-1.0000
790011000|20122013|-1.0000
790016000|20122013|0.0921
790031000|20122013|0.0595
790032000|20122013|0.0404
800005000|20122013|0.0981
800009000|20122013|0.0643
800567000|20122013|0.1192
810003000|20122013|0.1594
810010000|20122013|0.2356
820001000|20122013|0.0871
820015000|20122013|0.0909
830500000|20122013|0.1495
840003000|20122013|0.1286
850060000|20122013|0.3448
850070000|20122013|0.1240
852001000|20122013|0.2465
860001000|20122013|0.3333
870001000|20122013|0.0982
870013000|20122013|0.2694
870016000|20122013|-1.0000
870017000|20122013|0.0513
880005000|20122013|0.0915
880021000|20122013|0.2832
890001000|20122013|0.0573
890003000|20122013|0.1239
890024000|20122013|0.1098
900017000|20122013|0.0671
900560000|20122013|0.1811
900595000|20122013|0.3879
910002000|20122013|0.1941
910074000|20122013|-1.0000
920045000|20122013|0.1042
930012000|20122013|0.0558
930083000|20122013|0.1686
930096000|20122013|0.1375
000000000|20122013|0.1500
010003000|20132014|0.1493
010018000|20132014|0.0899
010090000|20132014|0.1807
010123000|20132014|0.1971
020009000|20132014|0.2880
020018000|20132014|0.1203
022001000|20132014|0.1472
030500000|20132014|-1.0000
040001000|20132014|0.1667
050071000|20132014|0.1000
060001000|20132014|0.0497
060006000|20132014|0.1802
060017000|20132014|0.1277
070006000|20132014|0.1790
070010000|20132014|0.1139
080036000|20132014|0.2237
080050000|20132014|0.1712
090010000|20132014|0.1977
100002000|20132014|0.0274
100007000|20132014|0.1153
100009000|20132014|0.1075
100019000|20132014|0.0954
100069000|20132014|0.1169
100105000|20132014|0.1842
100119000|20132014|0.0815
110001000|20132014|0.1386
110014000|20132014|0.2590
110020000|20132014|-1.0000
120056000|20132014|0.0635
120502000|20132014|0.0387
130001000|20132014|0.1459
130022000|20132014|0.0890
130032000|20132014|0.1296
130056000|20132014|0.0877
130097000|20132014|0.2147
140008000|20132014|0.0607
140045000|20132014|0.1496
140054000|20132014|0.0874
140101000|20132014|0.0909
140541000|20132014|0.1121
150010000|20132014|0.1606
150536000|20132014|0.1885
160006000|20132014|0.0407
160030000|20132014|0.1203
170001000|20132014|0.2019
170003000|20132014|-1.0000
170009000|20132014|0.3420
180002000|20132014|0.1912
180011000|20132014|0.1655
190039000|20132014|0.1226
190058000|20132014|0.3652
190070000|20132014|0.3258
190123000|20132014|0.0381
200001000|20132014|0.1586
200020000|20132014|0.2246
200030000|20132014|0.1518
210015000|20132014|0.1034
210025000|20132014|0.0830
210044000|20132014|0.2244
210084000|20132014|0.2011
210089000|20132014|0.1864
210180000|20132014|-1.0000
220011000|20132014|0.0533
220031000|20132014|0.2944
230002000|20132014|0.1482
230071000|20132014|0.1643
240001000|20132014|0.0951
240004000|20132014|0.0368
240011000|20132014|0.1092
240020000|20132014|0.1298
240101000|20132014|0.1414
250025000|20132014|0.1914
250095000|20132014|0.0686
260001000|20132014|-1.0000
260024000|20132014|-1.0000
260070000|20132014|0.0817
260561000|20132014|0.1417
270001000|20132014|0.1651
270062000|20132014|0.1659
270594000|20132014|0.0841
270595000|20132014|0.1924
280001000|20132014|0.1827
280010000|20132014|0.1445
280015000|20132014|0.2774
280017000|20132014|0.3445
280054000|20132014|0.1382
280059000|20132014|0.1768
280066000|20132014|0.0973
290117000|20132014|0.0997
300001000|20132014|0.1333
300025000|20132014|0.1240
300054000|20132014|-1.0000
310506000|20132014|0.1495
320046000|20132014|0.1111
320095000|20132014|0.0918
320125000|20132014|0.2487
330018000|20132014|0.1199
330021000|20132014|0.1193
330540000|20132014|0.0465
340001000|20132014|0.1019
340015000|20132014|0.0841
340034000|20132014|0.0842
340100000|20132014|0.2814
350001000|20132014|0.0926
360100000|20132014|0.1920
370030000|20132014|0.1644
380011000|20132014|0.0850
390010000|20132014|0.1304
390055000|20132014|0.4471
390501000|20132014|-1.0000
400002000|20132014|0.0987
400082000|20132014|0.1562
400083000|20132014|0.0426
400126000|20132014|0.0758
410002000|20132014|0.0924
410091000|20132014|0.0839
410504000|20132014|0.1181
420002000|20132014|0.1577
430079000|20132014|0.0926
440070000|20132014|0.0642
450007000|20132014|0.1445
450029000|20132014|0.2097
450044000|20132014|-1.0000
450137000|20132014|0.0859
450239000|20132014|-1.0000
460001000|20132014|0.1646
470001000|20132014|0.1026
470100000|20132014|0.0252
470103000|20132014|-1.0000
480008000|20132014|0.0702
480300000|20132014|0.1284
480303000|20132014|0.1758
490033000|20132014|0.1675
490050000|20132014|0.0807
500001000|20132014|0.1592
500501000|20132014|0.0717
500503000|20132014|0.1709
510001000|20132014|0.1673
510006000|20132014|0.1027
520100000|20132014|0.2245
530001000|20132014|0.0870
540013000|20132014|0.0867
540096000|20132014|0.1463
540501000|20132014|0.1568
540505000|20132014|0.3125
540576000|20132014|0.0507
540586000|20132014|-1.0000
550001000|20132014|0.1455
550145000|20132014|0.0693
550148000|20132014|0.0437
550160000|20132014|0.2518
550161000|20132014|0.2106
560001000|20132014|0.0756
560006000|20132014|0.0891
560007000|20132014|0.1542
560037000|20132014|0.0870
560055000|20132014|0.1250
560565000|20132014|0.2688
570501000|20132014|0.1243
580025000|20132014|-1.0000
590001000|20132014|0.0676
590002000|20132014|0.1101
590005000|20132014|0.1751
590013000|20132014|-1.0000
590080000|20132014|0.1356
600090000|20132014|0.3226
610004000|20132014|0.0629
610049000|20132014|0.2254
620021000|20132014|-1.0000
620063000|20132014|0.1234
630001000|20132014|0.2591
630030000|20132014|0.0915
640023000|20132014|0.0496
640029000|20132014|0.1046
650011000|20132014|0.1965
652005000|20132014|0.1171
660027000|20132014|0.4248
660111000|20132014|0.0712
660501000|20132014|0.2109
670001000|20132014|0.0943
670069000|20132014|0.0759
680020000|20132014|0.0815
690044000|20132014|0.1664
690054000|20132014|0.1389
690055000|20132014|0.1530
700002000|20132014|0.0280
700005000|20132014|0.2613
700542000|20132014|0.2098
710001000|20132014|0.1151
710005000|20132014|0.1405
710067000|20132014|0.0779
720015000|20132014|0.1948
720019000|20132014|0.3455
720032000|20132014|-1.0000
720075000|20132014|0.1572
730017000|20132014|0.1761
730179000|20132014|-1.0000
740056000|20132014|0.1031
740070000|20132014|0.1311
750100000|20132014|0.2165
760002000|20132014|0.1423
760044000|20132014|0.1437
760068000|20132014|0.0458
760082000|20132014|0.1234
770001000|20132014|0.1176
770027000|20132014|0.1220
770037000|20132014|0.1203
770046000|20132014|0.1839
780001000|20132014|0.3073
780009000|20132014|0.2374
780039000|20132014|0.0848
780072000|20132014|0.0605
780107000|20132014|0.2304
790002000|20132014|-1.0000
790011000|20132014|-1.0000
790016000|20132014|0.0760
790031000|20132014|0.0502
790032000|20132014|0.0451
800005000|20132014|0.1001
800009000|20132014|0.0622
800567000|20132014|0.1395
810003000|20132014|0.1097
810010000|20132014|0.2308
820001000|20132014|0.1596
820015000|20132014|0.1900
830500000|20132014|0.1346
840003000|20132014|0.1156
850060000|20132014|0.3846
850070000|20132014|0.1135
852001000|20132014|0.3333
860001000|20132014|0.3214
870001000|20132014|0.1169
870013000|20132014|0.2222
870016000|20132014|-1.0000
870017000|20132014|0.0727
880005000|20132014|0.0790
880021000|20132014|0.1803
890001000|20132014|0.0560
890003000|20132014|0.1603
890024000|20132014|0.0987
900017000|20132014|0.0704
900560000|20132014|0.1897
900595000|20132014|0.3571
910002000|20132014|0.1881
910074000|20132014|-1.0000
920045000|20132014|0.1176
930012000|20132014|0.1063
930083000|20132014|0.2151
930096000|20132014|0.1433
000000000|20132014|0.1519
